4
87
1 5 5
2 9.2778 3.6916
3 4.7794 3.8336
4 8.5387 6.0493
5 1.665 4.1422
6 0.2363 9.0028
7 6.8691 2.006
8 9.7764 1.3927
9 8.0541 8.3427
10 8.9173 5.5737
11 0.5212 9.5369
12 0.2568 5.643
13 6.5783 2.1531
14 2.2863 6.5124
15 7.4068 0.3136
16 1.393 7.9803
17 3.4023 2.3059
18 3.307 9.8168
19 6.1394 1.8457
20 7.5012 7.8043
21 7.623 7.7374
22 8.4422 4.492
23 1.3785 9.8538
24 7.5199 9.4325
25 9.8316 6.4371
26 6.6414 0.3527
27 7.6092 6.8981
28 5.9957 4.1874
29 0.6863 9.9171
30 0.6997 9.7282
31 0.2306 2.0926
32 7.7085 3.6328
33 6.0337 2.6506
34 5.0847 2.173
35 6.1314 2.5858
36 1.6125 5.3896
37 1.9583 0.0546
38 9.8815 3.3368
39 1.5435 9.0365
40 4.4044 1.3751
41 7.1088 2.6809
42 1.7277 4.7179
43 9.5789 9.3585
44 0.5404 0.2652
45 9.2755 1.24
46 9.9933 9.5061
47 4.9677 9.3369
48 4.774 1.0013
49 3.6227 9.8587
50 4.8095 9.754
51 4.0796 8.0571
52 5.1435 6.0379
53 9.7468 6.6602
54 1.0098 1.2903
55 7.3318 7.0493
56 2.6653 6.0757
57 9.7302 6.0281
58 2.4287 0.9442
59 5.3866 2.969
60 2.8445 4.662
61 5.8441 4.473
62 5.8032 0.8118
63 3.8098 0.5772
64 3.4482 9.0676
65 2.071 9.8928
66 0.4568 7.7857
67 7.9498 7.2354
68 5.4587 7.6966
69 5.5307 6.4684
70 0.622 2.8625
71 5.1529 3.2872
72 0.5733 4.883
73 0.9504 3.002
74 5.8271 6.3369
75 5.9709 8.6716
76 2.6341 1.815
77 4.7797 0.0724
78 4.2619 0.2246
79 2.2847 9.3452
80 9.2922 4.3556
81 9.238 9.7489
82 3.7765 8.8229
83 6.9842 9.2351
84 6.5194 4.1501
85 5.7035 8.7765
86 7.0125 2.4915
87 3.6988 7.5857
1 1
2 1
3 4
4 2
5 4
6 1
7 3
8 5
9 1
10 7
11 3
12 3
13 6
14 2
15 1
16 3
17 1
18 5
19 2
20 3
21 4
22 6
23 6
24 4
25 5
26 2
27 7
28 7
29 5
30 3
31 7
32 3
33 1
34 3
35 5
36 3
37 1
38 5
39 7
40 6
41 5
42 7
43 1
44 1
45 7
46 2
47 1
48 7
49 4
50 2
51 7
52 7
53 5
54 3
55 2
56 1
57 5
58 6
59 5
60 7
61 6
62 2
63 1
64 7
65 5
66 3
67 2
68 3
69 7
70 6
71 2
72 2
73 6
74 7
75 2
76 5
77 1
78 2
79 2
80 3
81 1
82 1
83 2
84 4
85 3
86 1
87 4