30
2000
1 500 500
2 788.13 165 3
3 267.5 350.56 3
4 981.29 449.25 6
5 423.45 778.69 2
6 640.4 746.02 5
7 788.25 630.86 4
8 693.68 946.53 7
9 52.52 587 4
10 999.09 231.76 1
11 445.22 231.17 5
12 908.27 182.81 4
13 535.42 613.82 2
14 625.86 758.63 3
15 311.29 182.07 4
16 547.23 985.98 3
17 267.7 774.23 7
18 445.74 631.42 1
19 459.05 847.45 4
20 783.4 10.06 2
21 87.03 455.27 2
22 913.65 527.05 6
23 68.78 62.46 3
24 574.47 688.31 1
25 692.91 999.59 1
26 590.04 710.33 5
27 233.17 978.03 2
28 670.68 587.28 4
29 218.22 46.32 1
30 352.76 993.23 6
31 882.56 80.26 6
32 643.53 157.42 4
33 914.34 226.2 2
34 798.96 800.66 7
35 442.21 493.56 4
36 431.04 247.11 7
37 405.84 643.8 6
38 154.87 314.47 4
39 698.83 696.2 4
40 90.23 212.47 3
41 655.21 95.03 6
42 511.92 738.55 5
43 59.2 652.88 7
44 505.4 615.35 5
45 966.95 57.55 5
46 428.08 488.58 1
47 763.05 57.94 1
48 76.05 212.8 3
49 976.31 75.14 5
50 249.93 328.88 7
51 353.26 984.08 7
52 700.35 659.52 5
53 368.38 718.71 6
54 262.6 224.1 5
55 957.47 354.56 2
56 145.9 782.63 2
57 744.95 545.68 2
58 987.79 785.24 1
59 708.61 925.06 2
60 125.62 174.99 4
61 918.62 528.24 2
62 643.12 392.1 5
63 433.2 924 7
64 876.15 186.59 1
65 934.45 144.06 6
66 377.33 453.47 4
67 308.78 198.41 7
68 298.17 349.71 7
69 663.86 221.83 5
70 268.21 510.96 5
71 201.43 429.58 7
72 118.72 72.69 3
73 695.53 505.89 3
74 154.55 545.55 4
75 837.67 643.51 4
76 875.35 20.83 5
77 22.69 329.61 5
78 715.7 791.29 2
79 193.94 618.66 5
80 760.75 886.86 3
81 339.03 88.28 1
82 772.57 207 3
83 598.21 66.04 7
84 347.84 220.58 4
85 284.06 58.25 2
86 527.84 97.11 4
87 225.09 119.79 1
88 120.73 835.48 2
89 693.12 192.93 2
90 323.8 953.67 2
91 628.96 456.21 1
92 200.17 228.78 7
93 7.59 826.98 5
94 647.92 338.34 5
95 670.28 622.39 3
96 336.15 313.74 6
97 186.36 538.82 5
98 529.69 823.07 6
99 664.3 516.18 1
100 417.56 839.97 4
101 57.68 468.93 7
102 949.6 832.61 3
103 48.5 3.71 4
104 376.96 651.63 1
105 925.99 321.9 2
106 696.78 821.56 2
107 564.67 171.43 6
108 879.38 701.11 2
109 29.56 365.4 3
110 536.18 946.48 2
111 996.46 4.15 5
112 76.47 117.26 5
113 548.77 329.28 2
114 11.57 706.23 3
115 812.69 795.73 6
116 399.72 492.5 1
117 300.48 220.68 5
118 903.57 100.05 2
119 329.73 129.6 7
120 272.05 829.29 2
121 217.86 825.74 7
122 796.11 65.73 7
123 370.49 778.01 1
124 112.09 789.57 5
125 505.31 765.78 4
126 383.94 165.49 5
127 84.13 629.48 2
128 119.27 533.04 1
129 19.03 26.28 2
130 284.18 298.33 4
131 495.81 679.7 3
132 875.1 639.33 5
133 535.16 9.81 7
134 360.98 121.89 3
135 56.53 627.19 4
136 547.81 11.12 7
137 695.09 258.77 7
138 226.57 541.55 6
139 858.08 560.57 1
140 782.71 844.74 7
141 536.61 504.06 6
142 116.25 542.67 6
143 88.65 77.83 1
144 839.06 438.8 7
145 379.03 658.84 7
146 11.81 370.16 5
147 646.55 228.77 5
148 237.8 455.33 5
149 362.08 313.4 2
150 349.12 96.1 4
151 961.52 632.71 7
152 253.62 912.47 6
153 185.03 1.12 2
154 289.77 840.17 7
155 679.9 382.71 5
156 697.22 394.51 7
157 52.69 204.57 1
158 666.92 442.36 7
159 986.21 804.43 2
160 866.06 317.07 3
161 754.16 442.1 6
162 309.84 695.71 1
163 244.67 44.26 1
164 420.83 334.02 1
165 199.31 13.91 4
166 636.62 874.64 1
167 607.6 927.32 3
168 643.83 757.75 2
169 462.41 743.95 3
170 430.87 773.52 1
171 658.95 691.2 4
172 519.72 1.03 5
173 292.96 409.21 6
174 394.35 830.04 3
175 335.9 192.86 5
176 660.15 829.47 6
177 705.94 600.58 3
178 956.29 407.92 7
179 812.51 870.33 6
180 636.68 301.19 1
181 777.9 960.13 2
182 524.74 479.85 6
183 130.81 936.32 5
184 781.12 330.67 5
185 765.45 666.56 5
186 763.68 490.23 7
187 800.06 196.16 4
188 927.28 315.97 7
189 648.73 291.99 3
190 441.16 928.66 7
191 7.1 870.08 2
192 264.24 558.33 4
193 522.4 689.13 4
194 189.76 470.25 3
195 14.2 399.21 2
196 867.96 162.88 5
197 714.71 126.45 5
198 325.55 53.73 3
199 180.78 865.97 5
200 69.86 307.12 6
201 96.6 477.73 7
202 410.5 741.96 5
203 204.25 264.35 3
204 97.83 617.63 6
205 485.59 795.34 5
206 703.42 663.29 2
207 575 541.51 7
208 642.73 867.05 4
209 189.94 211.35 7
210 29.13 281.2 4
211 796.98 541.31 4
212 598.42 115.32 5
213 958.19 319.56 2
214 170.6 580.9 3
215 16.77 230 6
216 262.14 96.94 1
217 670.38 671.93 6
218 368.58 478.17 3
219 284.03 668.1 7
220 65.43 697.22 2
221 317.47 657.72 1
222 47.23 256.13 6
223 518.94 214.31 3
224 582.04 548.42 4
225 262.76 565.18 2
226 738.81 827.31 1
227 41.67 661.2 2
228 49.55 193.3 5
229 924.47 640.84 3
230 174.26 706.26 3
231 868.75 187.24 3
232 104.55 234.46 6
233 455.66 916.92 7
234 289.84 498.95 6
235 868.44 925.23 6
236 840.56 664.03 2
237 909.6 869.21 4
238 814.09 918.75 1
239 196.73 843.22 2
240 247.47 180.99 6
241 158.94 49.73 2
242 728.12 154.27 7
243 716.94 773.44 7
244 920.07 63.28 5
245 835.14 95.23 2
246 478.9 935.78 3
247 949.96 8.9 4
248 82.22 822.98 5
249 571.29 183.22 6
250 701.19 430.68 6
251 700.87 753.13 3
252 887.78 644.76 5
253 472.66 361.7 5
254 974.46 445.28 4
255 138.72 280.41 3
256 391.72 922.82 3
257 308.74 872.78 5
258 94.97 118.51 2
259 963.47 689.8 6
260 675.17 554.5 4
261 731.38 255.36 1
262 837.31 306.65 4
263 261.02 779.31 7
264 458.17 917.28 5
265 882.11 219.51 3
266 401.28 611.22 4
267 856.22 919.95 2
268 483.57 178.44 2
269 933.89 141.9 1
270 567.42 817.06 1
271 795.15 711.95 4
272 776.01 549.25 2
273 565.14 973.79 1
274 879.48 595.47 3
275 639.09 641.1 2
276 842.63 42.37 2
277 968.99 62.1 1
278 968.11 545.66 4
279 85.74 479.54 2
280 56.68 46.95 5
281 582.12 842.1 6
282 526.43 781.62 3
283 777.38 510.27 2
284 971.16 389.74 7
285 245.72 192.34 6
286 576.27 34.97 5
287 681.54 3.95 1
288 870.28 972.05 3
289 237.45 57.79 1
290 746.51 114.46 4
291 72.63 860.09 5
292 274.21 386.51 4
293 25.03 327.41 6
294 913.16 462.08 6
295 723.79 707.79 2
296 11.99 447.57 7
297 506.07 129.11 7
298 225.76 162.9 7
299 327.58 400.35 5
300 235.97 146.85 3
301 191.3 219.47 1
302 988.73 657.19 3
303 731.28 682.22 3
304 147.62 758.89 4
305 953.68 482.67 6
306 115.6 658.17 3
307 312.48 164.23 2
308 513.3 389.98 3
309 686.17 881.07 6
310 80.33 117.03 7
311 752.47 471.84 5
312 284.7 460.56 7
313 366.95 355.36 5
314 776.6 666.49 1
315 811.84 620.16 1
316 391.34 899.28 3
317 581.93 211.75 4
318 65.14 725.05 7
319 711.25 574.73 7
320 757.69 818.57 4
321 114.5 734.56 6
322 854.3 182.77 3
323 251.28 549.71 6
324 493.99 489.82 3
325 495.58 301.65 6
326 143.35 856.5 1
327 449.28 601.95 3
328 82.95 667.08 6
329 270.11 378.32 5
330 501.85 299.53 7
331 850.61 577.54 3
332 834.72 431.83 5
333 279.39 846.62 6
334 242.93 340.6 1
335 872.95 836.17 2
336 286.65 143.03 2
337 599.61 755.82 4
338 124.32 2.28 7
339 701.11 272.38 4
340 689.1 774.22 6
341 822.7 788.34 5
342 527.32 623.06 5
343 578.23 65.96 4
344 342.35 308.89 5
345 596.29 345.35 2
346 315.38 631.99 6
347 890.97 395.12 1
348 232.02 682.95 4
349 76.63 384.06 3
350 626.59 236.67 6
351 476.07 59.36 7
352 903.08 750.2 2
353 925.44 328.42 2
354 794.42 670.76 7
355 167.51 430.56 3
356 376.76 745.94 6
357 729.04 800.42 4
358 0.66 32.44 4
359 111.03 272.58 2
360 820.81 899.16 5
361 304.81 538.74 4
362 740.67 605.33 1
363 963.09 694.29 5
364 251.47 488.7 1
365 848.73 819.72 2
366 118.38 196.47 2
367 856.49 925.51 7
368 153.23 89.68 5
369 132.91 364.22 1
370 660.17 185.02 3
371 260.57 653.35 4
372 83.84 394.01 6
373 657.31 357.09 5
374 559.18 772.08 4
375 295.33 620.8 7
376 462.04 739.17 7
377 538.19 759.17 5
378 414.76 75.91 1
379 323.76 372.34 2
380 341.81 32.5 1
381 586.05 456.58 2
382 369.02 540.41 2
383 757.32 197.71 3
384 676.37 920.41 3
385 411.16 215.73 6
386 965.65 841.28 2
387 716.61 379.47 6
388 556.59 957.74 2
389 486.24 281.5 2
390 780.1 786.82 3
391 422.5 372.87 2
392 554.71 741.88 5
393 407.97 499.19 7
394 618.31 339.08 4
395 600.72 913.75 1
396 530.96 879.39 1
397 200.37 759.52 4
398 792.47 316.1 7
399 623.99 965.86 6
400 827.84 909.47 6
401 227.7 331.96 1
402 247.65 50.19 4
403 808 621.67 1
404 729.58 239.97 2
405 735.08 4.2 7
406 956.31 535.15 6
407 345.85 899.04 1
408 114.85 691.5 6
409 841.58 315.48 6
410 849.81 306.83 4
411 644.85 698.04 5
412 976.27 109.2 2
413 213.08 917.19 4
414 949.08 810.29 6
415 24.15 708.88 6
416 176.48 665.18 4
417 371.72 174.54 2
418 162.94 289.38 3
419 597.3 130.96 1
420 997.51 144.28 4
421 470.71 952.64 3
422 439.38 928.9 1
423 458.23 141.97 1
424 98.74 91.05 1
425 142.73 278.71 4
426 354.43 618.71 3
427 101.27 990.42 3
428 910.67 316.87 2
429 411.55 77.69 5
430 391.43 238.71 7
431 841.64 709.41 3
432 989.89 148.78 5
433 410.84 607 5
434 748.98 869.25 6
435 60.92 11.97 7
436 81.74 366.39 6
437 931.25 631.18 5
438 955.29 541.84 4
439 432.23 953.38 2
440 876.6 344.8 2
441 628.76 186.44 6
442 333.55 339.84 2
443 130.75 750.67 5
444 233.44 663.17 6
445 427.16 724.08 4
446 226.63 969.33 6
447 644.8 64.09 7
448 53.38 182.9 7
449 105.87 615.12 6
450 72.51 491.72 3
451 277.86 283.99 1
452 356.14 781.06 5
453 746.71 75.32 4
454 744.27 308.75 1
455 774.6 899.43 1
456 816.9 289.57 1
457 389.1 934.37 1
458 592.47 151.26 6
459 501.19 257.12 1
460 363.28 329.63 3
461 733.69 771 4
462 290.53 290.65 7
463 350.72 37.35 3
464 325.1 945.14 7
465 799.11 719.73 2
466 160.72 536.62 4
467 655.18 89.23 3
468 213.72 681.69 5
469 955.15 346.39 3
470 475.21 709.67 5
471 486.99 606.87 7
472 946.27 60.92 7
473 350.12 411.63 5
474 992.8 736.72 7
475 944.23 699.35 4
476 958.6 23.58 6
477 262.54 842.27 4
478 500.83 55.98 4
479 53.9 174.64 3
480 864.09 813.37 6
481 3.89 300.35 1
482 78.21 410.13 6
483 443.18 923.76 2
484 845.49 80.07 1
485 356.45 24.3 7
486 587.13 146.41 1
487 354.43 572.46 2
488 210.96 236.81 1
489 76.21 290.7 5
490 124.32 154.78 6
491 209.14 322.19 5
492 900.82 400.39 7
493 653.41 7.08 5
494 981.14 852.56 3
495 45.59 372.52 6
496 136.42 959.65 6
497 87.31 314.07 5
498 43.98 688.54 5
499 56.62 928.26 1
500 570.94 216.1 3
501 735.1 425.23 6
502 363.12 489.56 7
503 564.78 142.96 6
504 690.19 287.61 7
505 59.19 333.2 7
506 615.99 633.13 7
507 319.2 883.95 7
508 758.39 927.92 7
509 434.37 148.06 5
510 401.05 718.99 7
511 522.51 617.61 3
512 129.66 980.72 7
513 137.2 545.5 6
514 315.34 399.2 1
515 346.03 621.9 5
516 912.75 237.89 3
517 439.12 720.6 6
518 443.07 642.5 1
519 299.07 76.87 3
520 83.33 477.91 5
521 247.2 163.93 1
522 836.29 293.59 7
523 914.93 594.3 2
524 300.04 73.15 5
525 972.76 419.17 1
526 305.7 331.92 4
527 108.25 934.55 5
528 958.27 377.61 3
529 736.2 840.19 4
530 825.7 87.04 5
531 634.18 334.23 6
532 223.79 170.52 2
533 794.11 248.96 6
534 73.44 549 4
535 751.96 685.27 7
536 215.9 154.48 5
537 81.24 262.73 6
538 830.7 220.99 7
539 222.65 957.18 3
540 691.46 946.39 2
541 638.17 580.56 1
542 912.33 804.34 7
543 480.07 761.96 1
544 969.15 835.39 1
545 367.85 587.35 1
546 349.23 966.76 5
547 662.53 211.52 7
548 73.88 42.21 7
549 862.84 264.85 1
550 655.5 956.3 5
551 535.19 757.98 1
552 749.1 670.31 2
553 133.53 313.89 2
554 930.43 283.03 5
555 439.84 650.87 1
556 634.51 0.1 2
557 983.65 826.14 3
558 759.04 900.01 7
559 918.92 926.36 7
560 199.5 581.85 4
561 426.45 280.55 4
562 233.96 29.65 2
563 9.33 326.69 1
564 546.65 257.11 1
565 82.87 696.94 2
566 206.44 494.96 7
567 460.28 642.12 7
568 925.63 564.67 3
569 596.7 483.59 3
570 532.61 846.6 2
571 424.81 273.04 4
572 238.5 507 1
573 722.5 679.84 2
574 683.9 226.48 3
575 91.84 472.86 6
576 150.65 679.29 5
577 373.07 139.56 1
578 585.14 228.7 7
579 860.74 825.39 7
580 62.69 357.99 3
581 10 946.31 3
582 74.34 184.81 4
583 495.36 70.82 2
584 79.54 918.23 3
585 84.34 10.06 5
586 949.59 160.71 7
587 309.79 697.29 3
588 312.11 282.43 7
589 879.09 143.16 1
590 93.17 369.36 4
591 153.84 379.35 2
592 651.06 617.21 7
593 655.28 112.56 2
594 502.84 192.1 4
595 576.88 439.95 6
596 287.29 389.54 1
597 676.98 862.84 4
598 206.23 338.46 2
599 291.22 217.54 5
600 38.07 474.22 1
601 469.94 791.57 3
602 684.6 442.63 6
603 247.58 261.42 3
604 44.89 764.25 6
605 760.42 341.12 5
606 322.49 791.92 2
607 372.29 468.9 1
608 119.38 675.12 3
609 148.89 966.33 7
610 485.07 167.91 3
611 354.12 637.85 5
612 439 485.96 2
613 304.59 897.06 5
614 282.74 941.94 6
615 452.98 865.88 7
616 226.69 351.88 3
617 553.44 724.16 7
618 743.03 843.54 5
619 434.6 155.94 2
620 343.7 804.53 5
621 890.53 158.64 2
622 228.93 761.15 6
623 173.47 65.74 5
624 542.94 348.47 3
625 513.14 801.45 2
626 151.49 191.65 6
627 581.75 745.08 6
628 480.91 651.63 1
629 218.7 86.22 7
630 86.33 593.43 3
631 285.39 483.95 1
632 122.29 712.88 3
633 608.67 49.86 6
634 155.61 592.8 3
635 644.49 269.45 5
636 162.76 420.93 7
637 32.9 166.19 4
638 627.2 647.09 7
639 228.54 865.78 5
640 985.82 115.63 4
641 547.62 401.01 4
642 431.58 523.3 1
643 913.16 295.48 5
644 623.99 451.08 1
645 683.28 259.09 4
646 707.54 585.36 2
647 923.43 618.26 4
648 47.92 408.97 7
649 151.07 637.5 6
650 340.43 786.84 2
651 123.21 497.97 2
652 389.94 929.54 3
653 696.57 6.21 5
654 53.06 630.19 7
655 2.34 313.47 5
656 384.58 184.52 1
657 351.26 107.94 3
658 484.13 319.38 4
659 264.08 470.44 6
660 236.84 810.87 2
661 325.23 97.59 4
662 814.62 487.52 1
663 990.82 347.61 5
664 462.49 400.66 2
665 548.75 566.52 4
666 57.62 951.09 1
667 315.36 465.87 5
668 191.35 949.99 6
669 476.3 377.58 6
670 562.26 614.41 5
671 598.58 939.63 6
672 132.86 754.24 2
673 760.19 745.05 2
674 393.73 371.05 6
675 820.98 83.32 1
676 725.2 304.45 7
677 813.94 619.8 5
678 10.61 811.14 1
679 690.17 287.43 3
680 840.16 13.2 1
681 128.06 611.77 5
682 350.02 744.62 1
683 223.01 504.81 4
684 607.13 62.05 6
685 391.9 883.02 7
686 906.7 608.22 6
687 536.1 585.67 5
688 631.37 596.27 6
689 676.61 286.43 1
690 99.43 290.1 4
691 300.17 418.15 2
692 440.53 931.68 3
693 498.65 318.21 5
694 465.34 925.33 7
695 803.07 480.74 5
696 387.63 550.95 4
697 440.15 87.04 2
698 112.46 718.4 3
699 595.9 558.53 1
700 693.8 657.95 2
701 641.37 958.11 2
702 364.23 562.15 1
703 831.71 60.8 4
704 803.98 526.13 4
705 1.82 492.71 6
706 246.2 43.85 1
707 98.78 483.99 4
708 537.03 596.44 1
709 735.05 355.85 7
710 383.02 49.64 2
711 321.08 854.52 7
712 840.8 382.27 5
713 455.72 213.97 7
714 388.84 181.46 2
715 247.28 346.8 2
716 913.49 592.99 7
717 130.64 691.76 5
718 598.35 392.3 3
719 784.45 290.87 1
720 692.59 837.4 2
721 258.67 158.47 3
722 109.89 162.78 2
723 359.73 782.02 4
724 833.89 170.85 7
725 161.2 581.65 6
726 817.7 495.13 3
727 845.07 789.29 7
728 192.91 387.63 4
729 300.69 335.59 5
730 927.84 28.17 6
731 768.13 450.35 1
732 626.46 560.23 6
733 867.05 83.47 4
734 485.12 80.87 7
735 284.65 242.07 1
736 594.48 223.28 3
737 497.3 68.34 7
738 91.87 424.76 1
739 242.25 888.97 2
740 847.02 980.32 6
741 289.17 748.44 1
742 53.31 374.9 2
743 143.74 405.46 6
744 16.18 890.58 3
745 59.46 338.74 2
746 847.91 933.21 5
747 295 430.5 7
748 367.85 685.88 2
749 991.84 91.65 3
750 951.41 938.66 7
751 102.66 391.34 5
752 704.25 444.64 1
753 29.58 588.37 3
754 601.89 604.54 1
755 418.59 827.52 3
756 477.35 675.42 4
757 922.9 970.41 2
758 600.31 501.77 3
759 538.95 657.12 3
760 530.07 608.52 4
761 501.5 874.69 5
762 384.88 578.93 1
763 806.68 772.02 1
764 633.93 537.42 2
765 351.75 119.53 7
766 571.82 596.87 5
767 888.61 683.29 5
768 635.9 283.59 6
769 232.59 986.05 4
770 920.91 516.11 7
771 711.41 181.12 6
772 893.24 729.51 6
773 519.7 536.18 1
774 898.05 170.1 2
775 880.94 685.36 3
776 854.85 257.17 5
777 504.18 309.3 7
778 287.42 108.71 5
779 735.95 341.29 3
780 841.58 425.72 1
781 719.25 137.12 5
782 471.59 30.35 6
783 802.86 550.04 1
784 233.17 448.09 1
785 200.9 492.54 2
786 451.67 347.38 1
787 299.31 15.07 5
788 830.22 466.01 3
789 644.72 201.95 2
790 608.77 207.04 3
791 88.93 926.28 1
792 913.71 397.87 5
793 631.52 364.24 6
794 721.99 760.92 5
795 146.07 961.82 1
796 255.5 413.48 3
797 785.62 712.78 1
798 625.03 706.52 5
799 736.67 351.23 2
800 189.59 123.51 3
801 231.74 212.43 4
802 247.48 289.66 1
803 457.08 84.69 1
804 380.23 806.67 1
805 914.99 116.25 1
806 942.27 371.75 3
807 480.45 320.88 4
808 33.7 945.91 2
809 216.46 846.09 7
810 601.17 35.67 7
811 192.91 430.92 2
812 874.44 841.91 2
813 117.36 462.5 5
814 724.5 842.72 4
815 92.56 921.22 4
816 422.43 863.49 4
817 492.82 343.93 4
818 439.5 541.14 5
819 929.17 757.6 3
820 97.1 358.76 4
821 388.53 715.18 3
822 55.91 753.13 5
823 12.94 870.48 5
824 218.18 594.98 6
825 230.08 687.53 7
826 521.74 273.48 5
827 185.15 929.81 4
828 169.43 369.3 7
829 263.13 461.98 7
830 202.91 559.07 2
831 505.39 111.11 1
832 75.26 167.02 7
833 650.55 179.95 4
834 688.33 561.64 5
835 732.34 791.71 3
836 534.05 476.97 7
837 526.28 662.11 7
838 862.44 995.05 4
839 739.73 258.17 2
840 374.61 624.59 2
841 695.28 129.97 2
842 731.12 368.74 7
843 683.6 19.28 2
844 506.56 871.12 7
845 88.01 603.45 7
846 520.51 301.02 7
847 226.47 827.29 3
848 25.76 689.72 1
849 194.33 429.44 4
850 824.88 967.56 1
851 178 826.35 4
852 805.75 557.46 1
853 436.99 404.58 6
854 575.22 911.13 2
855 275.08 162.66 7
856 766.64 846.68 3
857 898.69 236.66 1
858 692.83 262.41 2
859 482.02 456.74 7
860 529.36 445.13 4
861 528.33 623.12 1
862 657.25 428.87 5
863 318.43 29.37 7
864 998.87 604.58 1
865 713.95 879.65 6
866 868.95 809.81 3
867 488.48 708.49 4
868 771.77 401.31 5
869 71.82 883.32 4
870 801.31 576.2 2
871 498.35 104.52 6
872 185.25 925.28 2
873 429.61 243.7 1
874 242.06 406.09 6
875 965.64 120.03 5
876 178.9 152.49 6
877 75.32 640.96 6
878 371.91 576.24 4
879 94.42 648.06 1
880 273.67 449.36 2
881 61.55 111.22 3
882 636.07 459.98 3
883 802.97 53.11 4
884 999.24 295.16 1
885 963.6 424.31 5
886 971.12 603.21 3
887 788.45 842.04 2
888 477.77 377.46 1
889 731.92 471.87 5
890 869.39 909.05 2
891 583.04 134.12 3
892 564.73 933.7 3
893 635.21 736.67 5
894 949.38 735.9 6
895 833.16 863.01 7
896 836.95 834.12 4
897 993.23 786.08 6
898 953.97 427.37 2
899 327.43 159.28 7
900 675.98 28.66 2
901 310.36 775.22 2
902 382.99 503.46 5
903 752.08 138.66 2
904 337.78 251.55 6
905 382.16 84.7 3
906 850.85 85.17 4
907 922.73 241.91 7
908 163.69 195.87 5
909 782.09 686.82 5
910 872.36 362.79 5
911 198.72 836.67 7
912 659.18 219.65 5
913 53.34 135.24 6
914 347.68 636.54 1
915 377.91 18.69 2
916 271.14 869.53 5
917 162.01 792.26 1
918 838.95 119.46 3
919 943.25 901.54 1
920 206.82 937.42 3
921 662.57 136.13 5
922 57.05 958.82 7
923 791.46 175.68 1
924 828.04 523.35 7
925 279.69 64.78 7
926 979.55 499.43 4
927 764.57 661.43 3
928 955.01 500.37 3
929 341.31 443.61 3
930 414.43 813.95 6
931 13.85 640.03 3
932 286.41 697.08 4
933 105.65 652.05 2
934 896.61 643.61 3
935 487.62 923.29 2
936 97.32 66.35 5
937 740.06 994.43 5
938 175.05 949.43 6
939 729.49 290.73 5
940 348.98 868.67 1
941 905.89 882.51 1
942 762.43 332.43 7
943 577.79 438.08 3
944 568.82 498.2 6
945 246.72 149.34 5
946 989.38 246.65 1
947 231.47 150.22 3
948 298.51 325.26 2
949 865.91 54.74 1
950 40.43 567.23 6
951 192.42 473.11 3
952 984.43 235.54 3
953 637.03 976.84 5
954 941.67 545.66 7
955 889.92 955.89 5
956 924.96 945.26 6
957 189.87 340.25 6
958 449.19 638.75 5
959 657.94 504.65 2
960 484.45 708.59 5
961 179.62 901 4
962 757.3 48.94 5
963 667.41 685.96 4
964 179.1 791.15 1
965 188.99 681.06 5
966 184.69 769.53 4
967 754.07 122.91 4
968 473.66 572.1 7
969 518.5 393.55 7
970 781.59 877.99 3
971 611.91 57.6 7
972 78.85 978.42 5
973 944.84 645.82 1
974 951.18 988.43 5
975 503.18 177.42 7
976 11.05 525.62 4
977 627.7 443.21 5
978 584.59 916.86 2
979 180.22 598.88 7
980 607.53 380.46 3
981 743.43 155.88 3
982 780.32 398.24 5
983 29.66 506.59 2
984 964.96 457.77 6
985 854.92 124.46 4
986 589.45 135.5 2
987 93.51 763.2 2
988 883.99 511.3 7
989 246.56 855.04 6
990 2.67 462.56 7
991 800.28 205.98 2
992 655.48 149.81 2
993 652.62 179.47 1
994 295.56 144.42 1
995 90.45 162.86 3
996 226.27 752.3 2
997 724.19 9.32 2
998 828.82 893.3 6
999 13.83 139.85 3
1000 797.71 306.03 4
1001 125.57 106.3 6
1002 772.82 761.78 6
1003 981.82 414.39 1
1004 697.41 873.46 3
1005 197.8 127.43 1
1006 822.64 353.69 4
1007 582.98 241.39 5
1008 433.54 233.73 2
1009 631.88 247.55 5
1010 848.77 208.78 4
1011 691.74 497.86 1
1012 740.68 270.67 2
1013 939.42 416 5
1014 317.63 276.93 2
1015 167.29 474.72 6
1016 16.28 460.88 2
1017 781.08 43.85 6
1018 718.72 477.38 3
1019 549.66 272.78 4
1020 683.96 285.06 1
1021 287.8 976.79 6
1022 997.94 880.98 4
1023 469.85 820.4 3
1024 683.18 301.54 2
1025 769.97 468.82 6
1026 147.69 648.61 2
1027 879.1 593.2 4
1028 15.42 311.92 6
1029 221.93 25.09 5
1030 3.03 709.04 3
1031 992.9 160.35 5
1032 317.1 158.29 6
1033 239 628.13 1
1034 576.9 474.83 5
1035 191.71 244.79 6
1036 444.76 555.99 4
1037 995.16 598.61 7
1038 916.44 614.02 4
1039 315.1 999.46 5
1040 150.04 2.49 5
1041 433.56 995.38 1
1042 857.39 476 4
1043 998.67 878.51 6
1044 287.38 455.4 5
1045 877.62 810.63 7
1046 100.19 255.38 2
1047 971.36 414.06 6
1048 599.24 330.49 2
1049 702.56 809.1 4
1050 667.43 122.66 7
1051 504.86 556.21 4
1052 666.15 413.59 4
1053 822.2 575.77 3
1054 933.41 863.14 1
1055 355.93 740.75 5
1056 350.26 840.93 4
1057 900.58 975.8 5
1058 49.5 738.56 2
1059 975.95 441.11 1
1060 901.86 108.53 6
1061 830.24 776.9 3
1062 81.04 443.04 4
1063 807.83 428.75 3
1064 413.13 362.16 2
1065 800.86 881.6 3
1066 835.69 231.85 4
1067 289.41 132.43 3
1068 157.19 345.44 1
1069 355.45 321.39 7
1070 362.8 386.76 1
1071 656.33 216.99 4
1072 506.06 461.55 2
1073 932.89 269.37 7
1074 935.49 682.49 7
1075 964.75 483.34 5
1076 734.75 482.54 5
1077 509.19 771.95 4
1078 422.95 929.13 7
1079 75.26 448.09 3
1080 168.67 810.88 3
1081 534.13 630.72 4
1082 840 136.77 3
1083 588.9 69.66 3
1084 766.55 5.14 3
1085 469.87 969.88 5
1086 54.78 868.14 2
1087 871.54 377.33 6
1088 984.23 963.79 7
1089 605.88 39.05 7
1090 548.91 371.23 4
1091 42.21 905.35 7
1092 916.02 745.34 6
1093 251.36 497.76 1
1094 692.55 427.82 6
1095 143.27 897.69 3
1096 240.84 115.98 6
1097 820.94 987.51 4
1098 336.51 135.26 6
1099 944.71 741.13 2
1100 1 453.56 1
1101 31.68 659.28 2
1102 856.59 575.29 7
1103 654.75 826.65 7
1104 686.08 682.71 6
1105 722.55 989.49 7
1106 55.93 230.32 7
1107 93.92 214.78 3
1108 672.76 714.8 6
1109 378.9 823.02 4
1110 960.56 987.53 2
1111 76.96 182.72 3
1112 262.23 39.31 6
1113 356.36 694.05 2
1114 948.23 543.65 7
1115 967.92 429.71 1
1116 885.29 485.63 7
1117 82.16 579.54 4
1118 266.53 415.81 7
1119 586.15 794.7 2
1120 973.93 918.77 1
1121 815.27 159.25 3
1122 315.88 421.47 2
1123 555.29 941.34 1
1124 621.35 889.57 6
1125 697.15 857.48 5
1126 762.43 906.29 4
1127 58.03 988.44 6
1128 895.44 254.96 5
1129 447.64 4.62 1
1130 822.86 142.06 7
1131 185.6 957.32 6
1132 894.57 273.19 3
1133 642.85 828.48 5
1134 85.17 613.34 7
1135 234.65 474 1
1136 813.83 236.42 3
1137 42.15 457.97 1
1138 850 353.4 6
1139 73.66 801.04 7
1140 255.54 623.89 1
1141 356.18 973 7
1142 616.06 867.56 6
1143 460.92 510.4 2
1144 247.12 759.08 2
1145 86.4 157.24 5
1146 783.16 134.58 7
1147 549.71 176.72 3
1148 304.7 26.72 1
1149 478.15 100.37 2
1150 819.74 355.9 5
1151 466.9 712.07 4
1152 907.85 328.12 3
1153 949.03 952.56 3
1154 818.68 199.67 7
1155 465.18 286.07 1
1156 749.19 232.74 6
1157 269.62 782.44 6
1158 248 87.13 3
1159 743.3 565.28 6
1160 39.63 548.53 5
1161 123.36 15.42 5
1162 180.08 86.78 1
1163 431.4 35.81 6
1164 193.11 854.48 3
1165 877.41 483.18 2
1166 882.47 395.88 5
1167 858.59 665.49 6
1168 174.94 77.01 4
1169 518 820.3 4
1170 961.42 859.93 5
1171 924.26 146.8 2
1172 599.17 490.4 3
1173 765.71 921.79 2
1174 48.32 278.41 3
1175 530.59 319.33 1
1176 298.93 201.8 7
1177 299.99 223.9 5
1178 247.01 562.35 4
1179 281.16 80.34 2
1180 880.57 41.75 1
1181 355.55 966.01 3
1182 845.93 728.69 3
1183 423.09 657.91 3
1184 199.57 706.22 1
1185 830.53 236.8 1
1186 271.69 699.24 5
1187 945.21 999.23 5
1188 447.74 246.23 6
1189 27.26 690.9 1
1190 427.08 571.47 7
1191 850.34 90.53 1
1192 420.4 936.45 1
1193 480.84 359.54 5
1194 626.59 559.1 2
1195 50.73 553.14 2
1196 957.72 824.83 5
1197 230.02 770.03 1
1198 726.21 381.28 2
1199 784.74 408.54 1
1200 87.12 835.61 3
1201 431.25 849.47 1
1202 904.89 433.38 2
1203 270.74 77.73 4
1204 294.48 704.31 2
1205 24.44 918.56 2
1206 318.23 39.79 6
1207 147.73 269.81 3
1208 139.98 996.01 7
1209 541.97 944.27 4
1210 634.85 194.9 6
1211 462.72 789.66 1
1212 381.1 694.55 2
1213 399.45 128.8 3
1214 613.81 423.27 3
1215 714.31 611.22 6
1216 204.42 929.44 6
1217 682.87 240.69 3
1218 94.86 544.18 4
1219 888.13 249.66 1
1220 89.93 48.02 1
1221 290.86 510.73 7
1222 341.24 55.35 7
1223 988.52 618.31 6
1224 550 232.12 4
1225 142.82 946.42 2
1226 654.2 314.35 5
1227 205.36 160.73 2
1228 189.84 255.58 6
1229 170.32 307.23 4
1230 422.11 560.67 3
1231 868.79 851.52 5
1232 941.6 356.28 7
1233 36 508.31 3
1234 422.7 221.82 2
1235 69.15 364.63 5
1236 653.86 18.82 4
1237 168 224.17 6
1238 86.34 414 3
1239 548.85 747.84 7
1240 261.01 169.94 5
1241 21.18 38.72 2
1242 292.08 143.83 4
1243 945.36 343.34 6
1244 216.95 766.04 1
1245 884.16 998.7 3
1246 497.79 816.07 7
1247 752.79 984.06 7
1248 5 233.91 3
1249 676.3 782.75 4
1250 818.34 43.75 6
1251 521.04 64.93 3
1252 238.78 520.52 1
1253 312.79 465.88 6
1254 58.62 846.34 1
1255 26.26 730.49 3
1256 358.53 391.79 4
1257 709.61 308.1 6
1258 448.37 313.09 5
1259 764.65 152.9 2
1260 828.76 971.23 5
1261 226.32 655.78 3
1262 662.59 894.56 3
1263 569.73 370.86 3
1264 983.72 429.48 3
1265 163.74 619.25 5
1266 505.97 977.77 3
1267 664.27 850.89 2
1268 806.63 299.26 7
1269 346.41 227.42 4
1270 505.41 56.18 4
1271 871.68 282.49 3
1272 466.39 108.6 3
1273 418.1 841.84 1
1274 162.71 825.55 5
1275 753.66 989.28 6
1276 238.61 495.24 5
1277 278.86 159.51 6
1278 790.73 129.65 4
1279 452.15 476.05 7
1280 429.99 144.97 4
1281 542.56 180.17 1
1282 310.91 646.55 1
1283 137.33 228.16 1
1284 334.61 554.39 6
1285 124.87 471.56 7
1286 697.9 710.16 6
1287 85.18 152.53 7
1288 486.86 106.77 2
1289 351.31 558.92 4
1290 606.69 152.42 1
1291 754.73 694.97 6
1292 348.77 169.4 2
1293 214.92 306.72 5
1294 759.38 804.84 2
1295 292.9 93.23 1
1296 815.69 791.12 6
1297 997.23 39.81 5
1298 501.8 690.18 1
1299 299.52 205 4
1300 573.29 811.69 4
1301 992.02 729.93 7
1302 917.95 78.69 4
1303 490.42 293.6 7
1304 454.57 216.49 1
1305 973.1 672.9 1
1306 126.7 488.58 1
1307 990.45 649.32 4
1308 333.77 314.63 5
1309 620.33 614.15 1
1310 629.32 187.43 5
1311 954.24 342.96 1
1312 974.12 424.42 1
1313 326.92 914.83 5
1314 986.43 369.4 6
1315 777.81 506.01 5
1316 662.42 796.23 1
1317 338.14 950.19 7
1318 217.18 283.95 7
1319 949.92 904.27 7
1320 887.66 697.1 5
1321 637.07 651.33 6
1322 279.93 625.45 1
1323 1.46 115.88 6
1324 180.11 265.82 1
1325 738.75 43.62 1
1326 970.29 706.03 7
1327 690.39 207.68 1
1328 386.85 588.38 5
1329 234.42 701.81 4
1330 23.16 589.46 7
1331 999.33 390.05 2
1332 481.96 669.97 4
1333 389.01 834.94 3
1334 374.4 178.56 3
1335 892.7 80.83 2
1336 917 51.11 2
1337 901.05 905.01 6
1338 835.28 291.86 5
1339 53.45 689.79 3
1340 339.41 712.94 2
1341 322.47 875.78 3
1342 120.37 357.74 2
1343 707.23 910.26 7
1344 409.96 284.65 2
1345 378.5 177.34 2
1346 390.65 257.85 1
1347 435.87 158.89 1
1348 688.77 157.68 2
1349 693.55 211.13 4
1350 563.66 550.53 2
1351 23.23 36.51 4
1352 36.35 320.39 5
1353 882.96 27.61 1
1354 564.5 601.08 7
1355 588.11 979.57 2
1356 692.55 533.74 5
1357 11.6 969.6 3
1358 235.66 821.88 6
1359 915.09 678.95 6
1360 447.82 406.12 2
1361 857.01 429.34 6
1362 978.45 629.21 5
1363 784.66 675.68 2
1364 501.12 403.69 7
1365 502.22 155.31 3
1366 7.69 847.85 1
1367 771 22.97 4
1368 20.24 422.14 2
1369 263.64 337.23 4
1370 881.67 948.56 7
1371 213.75 805.56 2
1372 745.86 947.52 5
1373 598.35 732.17 3
1374 641.96 233.28 7
1375 286.65 899.01 3
1376 74.43 906.69 5
1377 395.93 841.21 1
1378 850.55 861.44 3
1379 290.57 288.59 4
1380 573.04 170.26 7
1381 98.11 547.52 4
1382 379.56 293.37 5
1383 290.2 891.71 7
1384 876.52 533.67 4
1385 30.03 983.83 6
1386 175.33 58.25 1
1387 495.52 454.18 4
1388 838.66 468.24 6
1389 603.94 922.32 6
1390 706.44 495.36 7
1391 921.02 756.98 3
1392 104.67 136.53 1
1393 72.31 426.73 4
1394 935.64 303.24 6
1395 32.25 496.78 1
1396 27.86 835.63 5
1397 93.67 331.14 1
1398 164.21 169.79 6
1399 96.18 773.73 2
1400 480.25 643.68 1
1401 198.1 728.21 4
1402 463.46 832.87 5
1403 22.18 68.7 5
1404 472.61 4.33 2
1405 783.74 36.57 7
1406 915.18 227.94 7
1407 268.38 485.13 6
1408 239.27 649.33 1
1409 678.39 909.02 7
1410 39.83 389.26 4
1411 223.66 587.35 5
1412 0.95 50.8 4
1413 78.28 236.5 7
1414 582.33 872.62 2
1415 553.13 656.36 7
1416 20.7 735.05 1
1417 487.42 166.94 2
1418 285.26 406.2 5
1419 252.89 84.58 3
1420 321.28 287.93 4
1421 196.87 511.58 2
1422 800.66 512.52 2
1423 400.83 754.31 6
1424 233.22 336.63 1
1425 233.45 53.27 5
1426 270.24 237.49 1
1427 698.49 724.9 2
1428 611.86 10.15 6
1429 174.55 426.56 2
1430 646.25 911.35 1
1431 670.73 108.21 1
1432 446.07 72.38 2
1433 435.72 636.73 3
1434 825.39 869.94 4
1435 924.15 266.9 3
1436 842.78 537.13 1
1437 496.45 235.62 2
1438 480.57 847.47 5
1439 870.88 185.54 4
1440 345.76 995.3 3
1441 108.57 666.02 6
1442 382.95 275.6 6
1443 496.88 874.84 2
1444 201.6 700.22 4
1445 569.99 787.88 6
1446 828.12 630.65 5
1447 487.25 290.61 4
1448 34.79 934.69 5
1449 755.99 805.56 4
1450 903.75 151.31 5
1451 289.89 259.87 4
1452 784.23 806.33 7
1453 350.95 303.21 5
1454 717.91 668.32 6
1455 954.8 238.3 3
1456 622.1 229.93 7
1457 826.53 880.69 4
1458 430.08 78.99 3
1459 44.62 834.98 6
1460 8.21 902.24 4
1461 803.58 192.12 7
1462 428.48 976.34 4
1463 492.49 490.81 4
1464 594.86 208.71 7
1465 560.95 327.03 4
1466 314.92 112.64 2
1467 863.04 939.16 6
1468 865.29 532.76 3
1469 802.21 740.89 2
1470 708.21 749.1 6
1471 765.51 552.67 3
1472 246.19 144.66 4
1473 696.72 800.66 6
1474 450.45 395.51 1
1475 199.54 956.46 3
1476 186.92 434.89 5
1477 567.74 461.44 1
1478 829.25 326.72 3
1479 333.27 292.45 2
1480 835.77 0.65 2
1481 240.51 929.67 1
1482 164.39 175.85 2
1483 64.61 872.57 2
1484 455.63 486.53 5
1485 218.88 686.06 1
1486 309.14 872.97 7
1487 512.04 604.23 6
1488 817.62 433.47 1
1489 819.46 930.25 2
1490 725.71 929.54 4
1491 381.05 333.56 3
1492 752.57 497.94 7
1493 268.74 562.55 7
1494 749.09 181.69 6
1495 624.94 400.56 2
1496 620.76 709.7 2
1497 214.98 385.25 5
1498 107.11 202.86 6
1499 489.48 185.84 7
1500 327.81 911.54 2
1501 330.3 292.59 1
1502 262.45 208.67 4
1503 370.45 640.93 6
1504 678.04 390.01 7
1505 635.68 178.46 2
1506 279.38 962.73 6
1507 959.56 177.7 3
1508 243.96 448.32 3
1509 125.34 937.8 1
1510 100.49 429.12 1
1511 5.17 759.42 5
1512 243.4 21.86 6
1513 143.09 555.82 4
1514 605.31 397.38 7
1515 412.74 33.05 1
1516 620.73 312.42 4
1517 701.92 271.97 4
1518 168.36 515.92 2
1519 164.7 641.26 2
1520 183.34 741.74 5
1521 277.04 746.91 6
1522 990.36 153.82 5
1523 748.83 296.9 2
1524 148.21 65.73 1
1525 101.12 478.46 7
1526 232.47 99.18 4
1527 490.07 964.62 4
1528 925.35 296.49 7
1529 808.95 461.18 4
1530 793.86 644.52 3
1531 371.41 85.07 7
1532 708.36 75.43 4
1533 67.17 824.25 2
1534 145.32 135.97 7
1535 457.31 237.08 2
1536 965.87 633.07 2
1537 786.85 123.13 4
1538 43.31 48.47 1
1539 815.68 20.94 4
1540 229.31 978.31 3
1541 548.19 349.71 5
1542 613.97 58.07 1
1543 997.08 288.75 3
1544 677.09 434.06 1
1545 586.34 54.89 3
1546 810.53 184.27 6
1547 297.41 134.63 2
1548 912.42 177.93 6
1549 823.91 993.61 5
1550 196.58 222.91 4
1551 213.76 771.09 5
1552 643.05 548.57 5
1553 147.75 709.16 1
1554 640.22 549.77 1
1555 432.17 136.1 7
1556 461.19 110.14 6
1557 123.28 571.06 1
1558 72 483.47 7
1559 232.71 470.9 7
1560 577.87 667.47 6
1561 901.34 881.23 6
1562 574.51 524.27 7
1563 469.26 835.53 6
1564 816.27 475.74 5
1565 597.34 907.9 6
1566 433.29 532.61 7
1567 453.51 655.88 5
1568 771.87 891.39 3
1569 268.15 287.62 7
1570 758.04 865.48 4
1571 634.34 766.81 2
1572 445.25 504.83 5
1573 968.23 137.6 7
1574 200.37 953.87 2
1575 145.79 551.2 2
1576 227.31 984.49 3
1577 418.96 601.51 2
1578 181.66 373.37 7
1579 754.87 641.51 1
1580 635.45 563.06 4
1581 183.5 197.4 5
1582 776.28 806.16 3
1583 56.85 774.38 2
1584 336.46 138.27 2
1585 928.28 284.05 1
1586 755.04 511.35 2
1587 114.4 93.82 6
1588 129.63 439 2
1589 363.29 193.86 3
1590 884.55 829.31 3
1591 434.81 176.32 4
1592 915.4 952.59 3
1593 900.81 172.95 6
1594 23.81 509.4 5
1595 100.68 601.2 2
1596 892.26 519.75 6
1597 668.32 634.15 6
1598 209.4 927.29 3
1599 287.36 454.09 4
1600 6.82 338.64 6
1601 452.86 773.44 1
1602 259.81 852.35 5
1603 36.43 753.15 7
1604 587.43 776.96 1
1605 276.68 41.15 6
1606 413.5 933.4 2
1607 61.67 765.23 2
1608 967.17 138.14 7
1609 311.66 425.49 1
1610 850 595.82 7
1611 381.17 212.2 3
1612 88.64 635.52 6
1613 912.22 671.95 4
1614 908.75 259.37 1
1615 741.71 699.56 7
1616 175.86 113.06 5
1617 293.27 338.24 4
1618 208.35 305.4 4
1619 50.71 780.57 4
1620 347.15 630.56 4
1621 145.75 175.24 3
1622 881.3 263.88 6
1623 469.19 176.09 5
1624 810.23 248.35 6
1625 91.74 990.05 4
1626 414.39 329.42 6
1627 833.95 622.69 5
1628 18.73 831.03 2
1629 341.64 45.25 6
1630 253.55 555.91 5
1631 761.28 865.17 3
1632 481.19 746.46 5
1633 836.62 379.17 3
1634 863.99 352.91 5
1635 314.24 608.17 4
1636 464.05 186.07 5
1637 726.9 20.02 7
1638 491.51 202.26 4
1639 561.5 707.42 2
1640 412.06 960.96 7
1641 220.21 885.75 1
1642 203.59 366.94 7
1643 450.85 203.55 1
1644 874.19 67.54 3
1645 709.39 545.29 2
1646 534.64 9.33 2
1647 852.83 899.75 4
1648 793.69 391.25 4
1649 729.1 952.74 1
1650 873.26 528.31 1
1651 573.33 912.03 6
1652 975.05 115.62 6
1653 450.26 566.46 4
1654 304.63 440.64 5
1655 511.9 313.54 5
1656 490.86 11.7 5
1657 492.36 864.52 4
1658 840.91 821.72 3
1659 391.71 714.33 7
1660 813.45 587.59 3
1661 359.66 324.43 2
1662 791.61 299.47 4
1663 590.5 913.24 3
1664 592.93 217.86 4
1665 826.41 729.76 5
1666 768.69 220.61 4
1667 720.3 876.48 1
1668 735.17 880.9 2
1669 141.28 436.12 1
1670 663.65 249.56 7
1671 877.84 772.73 3
1672 4.05 564.34 3
1673 245.88 154.83 4
1674 217.67 911.27 6
1675 630.1 737.67 1
1676 519.58 669.87 5
1677 420.75 553.69 5
1678 349.95 288.85 5
1679 264.38 593.65 5
1680 893.14 257.29 3
1681 436.52 298.64 4
1682 140.81 302.68 6
1683 308.08 548.55 3
1684 388.58 766.22 7
1685 850.46 559.83 6
1686 42.09 79.4 5
1687 617.84 663.66 5
1688 233.58 177.12 7
1689 730.21 605.01 7
1690 662.96 661.67 4
1691 8.78 98.18 5
1692 127.32 402.5 3
1693 973.72 710.57 5
1694 974.93 262.67 1
1695 887.41 113.12 6
1696 864.58 155.21 3
1697 348.1 936.56 2
1698 548.82 170.14 6
1699 38.39 900.34 5
1700 448.63 726.81 3
1701 116.16 899.1 4
1702 82.31 189.94 7
1703 514.66 163.65 5
1704 495.56 302.09 6
1705 569.7 353.01 5
1706 203.67 217.59 4
1707 244.06 565.68 7
1708 784.59 278.02 7
1709 829.26 479.92 4
1710 315.42 928.54 3
1711 626.76 44.69 6
1712 36.28 127 1
1713 848.29 641.65 6
1714 534.38 300.72 4
1715 483.14 33.94 6
1716 708.53 401.12 6
1717 252.64 645.17 4
1718 733.3 593.27 5
1719 547.62 422.53 6
1720 262.27 737.94 5
1721 867.24 528.22 1
1722 371.31 564.49 3
1723 65.31 576.29 6
1724 922.95 110.66 4
1725 246.2 757.31 6
1726 922.45 629.35 6
1727 979.8 881.98 4
1728 602.82 778.8 1
1729 667.38 326.41 1
1730 211.84 588.67 4
1731 684.84 619.42 4
1732 202.53 990.73 3
1733 174.24 56.03 2
1734 787.6 142.5 1
1735 865.2 388.69 2
1736 140.24 474.65 3
1737 816.4 617.96 7
1738 301.24 220.77 5
1739 379.34 51.66 6
1740 43.49 263.5 2
1741 445.57 111.85 2
1742 539.38 477.89 1
1743 361.19 652.13 1
1744 595.76 439.72 7
1745 104.5 468.43 4
1746 534.07 608.67 4
1747 592.99 425.06 1
1748 533.88 889.81 5
1749 417.08 269.14 1
1750 790.2 312.62 3
1751 751.98 921.7 3
1752 496.69 624.59 6
1753 232.13 985.77 3
1754 187.11 745.04 2
1755 284.58 13.06 3
1756 934.25 547.12 1
1757 222.08 140.1 7
1758 127.86 837.49 3
1759 417.92 418.08 3
1760 596.12 371.79 5
1761 364.85 287.28 3
1762 245.43 783.97 2
1763 603.89 179.61 5
1764 614.47 530.23 3
1765 228.28 814.8 7
1766 474.04 912.56 4
1767 164.94 298.15 1
1768 444.41 426 2
1769 613.68 843.91 6
1770 215.61 603.55 2
1771 130.15 131.91 5
1772 293.42 377.33 1
1773 917.76 144.73 1
1774 854.91 759.19 7
1775 373.57 150.99 2
1776 905.28 625.02 3
1777 147.62 953.48 6
1778 693.58 397.88 7
1779 240.55 175.08 5
1780 205.59 390.68 2
1781 542.41 684.34 2
1782 166.51 977.75 2
1783 738.09 59.03 4
1784 489.27 913.93 6
1785 934.19 287.49 4
1786 357.42 356.28 7
1787 693.2 667.41 7
1788 327.12 524.51 1
1789 714.07 765.05 1
1790 781.41 970.63 5
1791 779.32 676.55 5
1792 909.14 843.06 7
1793 416.29 744.66 6
1794 231.68 397.45 3
1795 969.77 331.63 2
1796 858.85 689.05 7
1797 699.98 545.76 7
1798 331.06 872.88 4
1799 687.05 586.94 1
1800 218.12 531.86 5
1801 139.85 474.7 5
1802 909.44 383.83 3
1803 656.77 963.63 7
1804 626.64 358.82 4
1805 673.95 328.59 5
1806 8.74 350.95 3
1807 863.32 214.44 7
1808 548.82 709.01 7
1809 922.35 396.05 2
1810 60.91 614.16 7
1811 333.62 754.01 4
1812 282.87 826.96 4
1813 238.69 647.24 7
1814 775.64 437.39 2
1815 873.56 111.33 7
1816 466.62 283.58 5
1817 748.72 146.89 3
1818 740.09 859.22 4
1819 604.34 781.56 6
1820 219.04 5.99 2
1821 692.63 339.6 7
1822 477.4 622.46 5
1823 973.03 861.14 5
1824 432.28 800.29 7
1825 413.87 837.36 4
1826 887.56 467.49 2
1827 875.71 216.2 7
1828 78.29 119.81 2
1829 989.87 724.14 6
1830 461.02 106.69 4
1831 546.32 799.31 6
1832 385.62 440.22 7
1833 215.39 413.24 2
1834 692.39 9.04 2
1835 770.29 586.42 3
1836 795.99 637.5 7
1837 268.78 676.72 2
1838 51.97 918.53 7
1839 857.89 908.39 6
1840 445.37 532.92 7
1841 38.83 79.23 4
1842 135.4 628.36 3
1843 17.94 843.74 7
1844 925.13 699.64 3
1845 632.61 469.92 2
1846 340.96 429.42 4
1847 680.31 861.71 6
1848 399.38 913.67 2
1849 74.73 771.56 2
1850 801.25 380.44 3
1851 634.45 419.27 6
1852 430.48 718.18 6
1853 666.72 736.12 7
1854 479.71 661.24 6
1855 465.26 457.36 7
1856 200.74 961.83 6
1857 573.71 805.66 2
1858 623.39 205.03 4
1859 755.12 443.28 1
1860 795.23 244.52 5
1861 531.77 42.49 2
1862 184.02 472.96 4
1863 628.15 303.19 7
1864 79.53 946.41 5
1865 230.54 411.66 5
1866 851.47 775.91 7
1867 901.82 349.61 4
1868 977.39 973 2
1869 966.62 728.11 6
1870 890.93 686.85 5
1871 195.67 218.61 6
1872 83.19 566.15 2
1873 852.4 357.81 4
1874 357.73 437.33 2
1875 851.33 667.86 5
1876 802.28 682.85 5
1877 715.06 748.18 7
1878 597.01 725.56 6
1879 520.47 855.69 4
1880 50.71 746.61 7
1881 988.99 105.79 5
1882 969.75 352.49 7
1883 423.46 204.89 7
1884 180.35 726.13 1
1885 47.17 740.97 3
1886 325.64 543.24 6
1887 380.01 421.82 5
1888 947.51 18.82 5
1889 651.52 702.8 5
1890 247.15 917.03 7
1891 529.62 906.01 6
1892 30.7 875.76 7
1893 261.43 299.21 1
1894 849.97 643.08 2
1895 875.82 690.24 7
1896 896.57 15.87 4
1897 600.16 559.39 5
1898 51.92 670.42 4
1899 392.75 321.93 3
1900 425.75 569.08 5
1901 532.39 98.69 5
1902 744.81 292.9 2
1903 473.24 554.33 7
1904 570.07 404.29 5
1905 393.02 443.62 7
1906 120.45 503.71 7
1907 227.6 103.86 4
1908 920.07 155.78 5
1909 794.88 548.52 6
1910 208.97 137.78 7
1911 703.59 833.68 4
1912 104.22 742.01 3
1913 544.12 215.24 3
1914 283.23 785.31 7
1915 828.92 341.84 3
1916 64.85 462.29 1
1917 480.15 853.4 2
1918 454.84 936.98 6
1919 99.94 731.86 3
1920 230.49 104.34 4
1921 930.1 971.44 5
1922 891.92 75.66 6
1923 983.12 783.29 3
1924 955.67 66.51 5
1925 168.99 58.95 6
1926 152.96 123.79 6
1927 640.63 767.45 3
1928 232.15 222.29 3
1929 142.97 485.74 6
1930 765.82 716.22 2
1931 689.96 809.84 4
1932 284.26 701.75 7
1933 784.08 848.38 6
1934 662.66 804.05 2
1935 490.05 136.55 3
1936 659.28 289.5 4
1937 290.79 93.64 2
1938 939.21 325.78 1
1939 688.13 632.26 1
1940 168.89 398.07 3
1941 917.51 88.03 2
1942 637.56 535.8 5
1943 596.78 483.4 2
1944 339.28 146.05 2
1945 311.81 799.61 6
1946 343.28 458.89 5
1947 662.05 913.19 6
1948 911.79 15.92 2
1949 383.8 704.04 6
1950 341.55 36.44 6
1951 15.52 117.46 7
1952 662.83 918.53 1
1953 175.41 678.82 4
1954 536.37 18.1 6
1955 701.36 493.42 3
1956 166.42 0.22 6
1957 84.48 825.78 4
1958 96.18 737.56 7
1959 433.65 121.36 1
1960 566.89 462.9 6
1961 934.68 641.93 1
1962 717.53 468.28 1
1963 36.18 643.68 5
1964 838.21 343.56 2
1965 949.81 208.44 7
1966 861.01 538.37 3
1967 394.61 622.84 4
1968 677.87 719.01 4
1969 140.57 316.17 5
1970 307.29 883.06 4
1971 673.97 981.25 6
1972 321.63 698.78 1
1973 887.81 898.47 3
1974 296.32 736.67 1
1975 722.93 849.99 5
1976 806.47 710.99 2
1977 53.74 105.59 6
1978 963.26 946.98 5
1979 773.86 87.54 6
1980 705.81 558.34 6
1981 264.18 395.83 4
1982 464.47 717.45 7
1983 296.55 768.77 7
1984 935.82 228.6 5
1985 755.13 115.04 3
1986 109.91 85.02 6
1987 839.53 138.75 7
1988 355.51 102.01 1
1989 754.01 39.38 5
1990 632.19 908.71 5
1991 393.43 336.4 2
1992 135.91 964.38 6
1993 904.2 260.92 3
1994 407.43 196.73 5
1995 974.36 115.38 3
1996 391.28 225.28 3
1997 519.19 228.33 5
1998 79.72 747.35 5
1999 587.22 664.87 6
2000 182.25 297.05 7
