500
2000
1 500 500
2 665.86 476.25 2
3 28.48 447.68 6
4 454.45 96.99 5
5 965.3 903.33 6
6 399.15 705.1 5
7 608.39 85.47 6
8 687.71 358.79 6
9 434.02 499.9 7
10 741.86 692.75 4
11 578.59 593.13 4
12 559.4 422.5 5
13 360.76 614.49 4
14 943.31 68.94 5
15 919.26 34.23 2
16 570.62 596.89 6
17 337.41 368.8 7
18 344.87 56.5 3
19 976.08 654.03 4
20 555.79 395.88 7
21 420.39 137.99 2
22 403.28 860.9 1
23 698.89 221.65 4
24 605.7 328.48 7
25 609.49 247.73 7
26 516.6 818.35 1
27 292.33 319.27 1
28 153.52 664.13 1
29 373.5 803.72 7
30 256.89 523.02 5
31 833.02 943.4 7
32 2.27 346.67 7
33 757.53 209.08 7
34 290.79 978.29 7
35 729.47 587.77 1
36 365.88 104.36 3
37 762.7 560.21 5
38 691.83 713.72 1
39 513.93 87.21 6
40 153.57 507.61 2
41 189.09 340.62 1
42 526.1 342.88 7
43 887.53 263.92 7
44 307.08 554.71 7
45 382.14 447.69 2
46 541.4 977.08 1
47 846.05 903.3 6
48 306.43 595.12 5
49 594.46 109.05 4
50 686.2 262.61 2
51 464.47 615.21 7
52 22.62 304.83 2
53 254.48 192.35 5
54 531.88 662.94 7
55 951.09 45.07 1
56 958.05 749.98 2
57 232.89 596.02 7
58 231.45 65.97 2
59 943.73 823.94 5
60 906.73 510.13 1
61 377.33 974.59 1
62 188.55 160.73 5
63 669.69 415.2 2
64 414.74 110.59 5
65 714.49 225.19 6
66 788.96 183.24 5
67 676.98 579.64 2
68 631.82 811.09 2
69 181.77 918.33 2
70 4.28 825.05 6
71 89.39 365.89 2
72 116.75 717.96 5
73 448.93 387.64 7
74 973.45 802.37 1
75 487.94 680.37 2
76 47.49 469.32 6
77 520.54 309.81 6
78 753.12 105.14 6
79 51.66 286.9 4
80 174.13 291.17 1
81 970.24 544.08 7
82 740.93 660.82 4
83 835.87 109.75 4
84 673.03 246.71 5
85 457.26 734.65 6
86 630.2 782.13 7
87 986.36 466.18 3
88 249.2 219.29 2
89 323.12 434.46 5
90 315.36 608.58 2
91 296.16 578.81 3
92 806.37 483.26 5
93 198.04 482.64 7
94 977.35 155.66 1
95 559.01 612.92 6
96 148.08 406.63 4
97 206.45 556.5 3
98 738.15 805.7 6
99 211.47 128.81 3
100 298.72 444.17 4
101 677.13 903.84 1
102 599.62 873.72 6
103 182.92 71.76 7
104 39.48 49.1 4
105 979.22 771.62 1
106 817.13 919.69 7
107 600.68 126.14 4
108 13.92 27.8 5
109 646.45 239.26 1
110 876.96 701.49 6
111 716.04 378.62 1
112 133.92 978.23 2
113 35.06 324.66 6
114 418.82 364.13 3
115 121.76 506.86 5
116 437.61 487.5 7
117 160.08 251.69 7
118 602.57 265.61 5
119 687.22 75.57 2
120 900.68 952.52 7
121 885.34 668.55 7
122 773.84 802.47 2
123 536.05 1.04 5
124 533.53 583.37 4
125 743.62 705.13 2
126 725.32 142.73 6
127 953.75 466.33 5
128 308.31 68.89 5
129 690.67 919.62 6
130 475.8 983.82 3
131 125.93 869.15 7
132 154.68 642.98 3
133 161.64 179.02 6
134 656.78 876.06 2
135 516.03 619.67 5
136 882.14 508.51 3
137 899.27 462.25 3
138 168.08 934.08 4
139 702.49 624.74 4
140 312.46 264.05 4
141 38.47 389.97 7
142 433.03 708.16 4
143 793.56 869.8 3
144 155.13 526.57 4
145 936.54 42.59 3
146 750.11 88.25 1
147 706.4 151.03 7
148 292.54 319.1 7
149 947.55 21.58 4
150 685.7 497.55 6
151 571.18 699.54 5
152 162.29 296.08 7
153 723.41 89.63 3
154 463.54 244.75 7
155 79.73 344.8 4
156 642.63 94.9 3
157 550.5 964.82 2
158 247.66 257.35 1
159 878.89 204.89 6
160 298.37 54.11 7
161 981.89 625.28 5
162 218.9 951.08 5
163 327.58 674.48 7
164 306.05 138.02 6
165 974.6 381.26 2
166 685.73 23.88 3
167 812.15 737.9 3
168 89.58 149.07 3
169 686.11 27.96 4
170 467.72 326.32 3
171 910.4 471.73 5
172 52.61 854.14 2
173 654.41 181.71 1
174 345.84 487.75 3
175 445.53 462.34 4
176 890.01 311.58 4
177 592.91 287.24 2
178 424.14 376.82 4
179 349.19 62.92 6
180 642.65 530.63 4
181 153.72 604.55 2
182 453.59 820.67 1
183 868.06 475.08 4
184 957 984.43 2
185 347.47 429.95 1
186 282.71 483.47 2
187 405.35 239.9 2
188 265.88 664.03 6
189 439 13.22 6
190 640.06 819.38 2
191 494.48 136.61 1
192 657.1 590.2 5
193 0.89 458.25 1
194 362.86 415.24 5
195 539.61 926.22 4
196 342.21 208.92 1
197 456.39 614.27 4
198 21.32 43.66 6
199 963.06 482.65 5
200 967.71 286.23 6
201 830.02 780.7 1
202 133.36 601.32 7
203 420.88 602.2 7
204 183.47 128.58 3
205 94 668.18 4
206 597.99 173.91 3
207 421.92 630.29 2
208 649.27 815.12 7
209 540.64 778.17 4
210 608.74 909.39 7
211 496.21 739.4 3
212 520.28 36.27 3
213 298.07 457.14 5
214 534.09 804.12 7
215 512.39 61.63 5
216 416.89 659.61 5
217 693.83 81.53 6
218 585.03 894.31 2
219 846.93 598.46 1
220 427.95 207.19 3
221 458.71 703.39 6
222 433.68 223.66 4
223 846.45 521.72 6
224 24.93 219.33 3
225 331.98 731.71 1
226 470.72 312.11 6
227 783.37 5.94 4
228 889.81 590.96 3
229 974.89 601.4 3
230 1.64 29.34 6
231 774.26 651.56 1
232 613.31 85.24 7
233 488.62 95.2 2
234 984.59 120.12 1
235 284.68 452.09 6
236 809.91 922.8 5
237 831.22 869.68 4
238 261.1 923.01 2
239 748.79 61.41 7
240 671.42 63.04 4
241 964.74 0.81 6
242 961.45 614.11 7
243 345.33 266.25 3
244 414.44 250.83 3
245 866.4 535.5 4
246 50.05 345.4 5
247 709.33 340.14 3
248 211.02 764.75 4
249 630.71 513.53 4
250 651.79 348.46 7
251 702.2 476.72 6
252 731.21 438.16 2
253 845.45 947 7
254 218.4 361.43 3
255 711.46 227.82 3
256 656.6 441.39 2
257 688.06 150.71 2
258 916.23 361.73 7
259 903.88 155.95 1
260 116.45 807.73 2
261 555.57 673.44 7
262 831.98 404.65 1
263 49.54 250.09 4
264 369.81 468.49 6
265 104.43 179.94 2
266 374.55 0.06 3
267 317.1 851.63 4
268 599.78 767.85 7
269 810.72 835.24 6
270 698.7 115.2 5
271 98.66 670.76 4
272 811.81 666.26 4
273 290.15 715.79 7
274 715.48 85.59 4
275 502.24 190.02 5
276 680.33 728.08 5
277 463.32 45.17 4
278 233.49 808.46 7
279 692.43 619.17 5
280 143.78 481.38 6
281 566.38 580.04 7
282 662.41 555.36 2
283 163.08 845.51 4
284 77.35 560.98 4
285 623.63 226.73 3
286 513.36 70.57 4
287 566.66 533.88 4
288 471.58 930.89 4
289 144.34 623.31 3
290 815.85 767.08 6
291 602.55 496.97 6
292 60 322.89 5
293 347.23 649.48 6
294 186.71 726.83 6
295 438.82 513.97 7
296 880.94 190.84 4
297 214.65 921.01 5
298 757.04 392.58 1
299 107.88 536.91 6
300 241.4 352.75 2
301 19.82 955.29 2
302 378.26 178.8 5
303 292.06 526.02 2
304 214.88 712.73 5
305 698.68 151.54 2
306 572.72 196 2
307 517.32 410.64 2
308 159.32 167.68 3
309 568.68 439.07 2
310 764.86 843.99 5
311 728.12 863.8 4
312 351.86 405.57 7
313 298.48 861.15 1
314 731.06 76.02 7
315 217.5 938.21 7
316 381.42 674.44 4
317 899.69 191.76 4
318 175.44 351.07 4
319 7.28 83.27 1
320 539.54 848.12 2
321 261.02 739.75 1
322 264.82 91.6 4
323 447.42 390.08 3
324 992.51 284.65 7
325 577.36 502.15 3
326 477.26 47.08 4
327 573.16 946.77 6
328 79.69 285.72 6
329 917.41 456.52 3
330 194.19 996.05 5
331 478.48 420.59 3
332 626.55 685.4 1
333 343.71 296.33 1
334 922.01 288.83 6
335 739.85 29.7 1
336 495.89 506.96 1
337 89.88 80.11 4
338 875.63 323.31 6
339 339.48 240.71 2
340 886.59 598.41 4
341 281.81 76.88 4
342 580.3 866.95 7
343 970.39 210.65 2
344 750.54 296.18 5
345 815.34 199.54 7
346 709.32 695.42 4
347 486.86 948.81 4
348 538.19 987.95 3
349 875.24 327.42 7
350 668.8 214 5
351 621.93 659.33 7
352 995.63 239.62 3
353 218.25 373.52 6
354 737.2 124.06 5
355 708.49 102.91 3
356 709.47 812.23 2
357 544.45 462.6 5
358 459.52 0.78 1
359 861.42 39.54 2
360 504.01 708.33 5
361 908.53 330.25 7
362 553.45 489.4 5
363 901.78 707.64 6
364 624.28 608.35 2
365 642.95 316.83 1
366 24.67 189.82 6
367 101.8 897.78 3
368 291.26 357.29 6
369 632.18 382.22 5
370 300.51 49.75 6
371 346.36 958.27 7
372 51.53 511.71 3
373 159.84 577.01 5
374 805.18 201.28 4
375 574.57 7.75 5
376 446.86 195.93 2
377 294.9 461.25 5
378 769.04 916.02 4
379 407.48 548.19 3
380 921.93 848.69 1
381 471.75 195.05 6
382 351.81 410.09 3
383 884.78 733.44 3
384 125.38 538.61 6
385 137.85 113.17 6
386 467.15 723.55 5
387 149.77 18.44 3
388 730.17 950.99 2
389 831.37 358.47 7
390 314.78 443.91 1
391 847.94 915.65 6
392 502.88 267.45 7
393 833.04 315.74 1
394 740.21 441.12 3
395 12.17 742.48 4
396 618.91 209.62 6
397 258.05 522.91 1
398 521.96 416.59 3
399 701.87 411.47 6
400 429.97 726.24 3
401 170.27 737.69 3
402 269.13 404.08 2
403 941.59 237.12 5
404 347.49 140.84 4
405 292 316.52 5
406 349.67 935.42 4
407 294.4 193.46 4
408 421.08 715.41 2
409 498.74 580.8 1
410 934.87 10.76 7
411 978.42 344.54 7
412 937.61 613.66 4
413 491.29 718.76 4
414 197.19 66.25 5
415 344.19 358.24 1
416 397.19 871.42 1
417 823.33 329.33 5
418 935.88 750.4 5
419 465.02 249.13 2
420 569.13 347.51 3
421 399.48 489.44 3
422 131.04 590.57 5
423 266.67 81.85 1
424 639.41 279.03 2
425 316.5 786.74 7
426 310.1 347.44 6
427 239.11 334.28 6
428 525.09 270.16 5
429 690 898.69 4
430 435.7 631.33 2
431 355.67 30.81 6
432 456.65 325.36 1
433 498.32 592.02 6
434 95.23 394.94 4
435 85.41 874.95 2
436 270.31 185.04 2
437 490.13 587.66 7
438 39.28 276.26 3
439 502.33 129.78 6
440 214.51 565.47 2
441 274.2 921.14 3
442 986.84 541.3 1
443 290.04 39.62 2
444 675.08 298.36 2
445 502.67 383.76 5
446 116.99 817.58 2
447 915.23 471.23 7
448 211.26 510.5 6
449 940.96 12.82 5
450 569.34 390.85 3
451 992.56 665.04 5
452 446.59 815.39 7
453 389.48 105.42 7
454 87.91 944.01 4
455 344.78 446.68 1
456 313.08 563.66 7
457 793.44 642.4 2
458 861.46 17.17 4
459 205.73 121.64 3
460 843.29 854.49 3
461 46.31 847.05 3
462 170.47 457.15 1
463 162.96 10.14 2
464 195.06 98.04 5
465 689.03 442.82 7
466 730.27 919.41 3
467 752.61 712.84 3
468 82.65 737.81 2
469 250.22 107.05 2
470 430.61 950.33 1
471 1.83 996.64 5
472 565.13 330.62 2
473 780.28 493.57 7
474 264.37 688.62 4
475 855.98 541.16 6
476 57.78 434.94 5
477 986.75 187.55 6
478 721.64 270.19 2
479 637.22 683.93 5
480 674.43 114.53 3
481 729.64 279.87 7
482 795.42 844.99 5
483 318.33 625.27 1
484 851.38 53.15 3
485 645.99 72.64 7
486 883.4 293.93 3
487 40.22 444.19 3
488 73.39 165.83 6
489 7.88 966.56 7
490 49.42 804.5 5
491 877.77 697.65 4
492 866.26 493.06 2
493 185.37 811.39 4
494 998.03 826.28 4
495 662.83 472.26 1
496 32.29 355.66 2
497 673.17 559.39 5
498 665.11 632.77 7
499 90.76 804.16 1
500 200.32 853.58 4
501 587.93 894.86 5
502 255.4 761.11 3
503 931.37 109.99 3
504 232.61 108.02 4
505 750.5 934.36 6
506 504.55 966.64 2
507 716.03 803.33 6
508 208.18 631.95 7
509 193.19 722.7 6
510 144.75 86.54 4
511 900.8 837.98 5
512 518.02 256.89 5
513 628.29 188.25 7
514 549.94 420.85 6
515 624.9 334.87 7
516 8.6 2.93 7
517 74.99 882.47 3
518 537.24 90.65 2
519 959.29 447.35 2
520 185.5 755.62 1
521 265.27 656.41 2
522 239.9 337.94 3
523 302.67 966.22 3
524 311.9 679.67 5
525 592.67 304.57 4
526 807.78 476.68 1
527 989.53 551.67 7
528 138.12 252.42 6
529 918.66 211.71 2
530 421.89 397.2 3
531 338.69 825.98 3
532 93.46 65.87 1
533 105.11 532.05 2
534 468.52 843.95 1
535 252.78 436.61 5
536 535.42 407.9 7
537 984.5 560.95 5
538 152.53 699.06 4
539 738.23 617.71 4
540 934.8 203.11 5
541 723.46 705.31 5
542 332.05 798.76 1
543 278.57 67.38 2
544 354.82 535.9 2
545 110.74 788.67 2
546 171.22 487.61 2
547 871.9 472.1 2
548 124.23 788.14 2
549 792.5 689.89 1
550 835.99 624.68 5
551 276.67 348.14 2
552 706.85 843.7 3
553 202.89 122.26 5
554 230.97 640.59 4
555 266.52 751.33 7
556 902.18 922.54 6
557 945.74 794.43 4
558 550.24 82.18 1
559 17.32 874.67 7
560 102.1 874.18 2
561 553.5 150.84 6
562 873.73 857.68 3
563 992.72 224.08 5
564 342.6 618.57 6
565 391.89 885.08 5
566 393.36 950.77 6
567 882.44 896.51 3
568 843.61 610.26 4
569 756.43 627.57 3
570 359.14 893.18 2
571 423 610.2 5
572 162.03 483.92 7
573 581.23 640.15 6
574 286.2 146.26 7
575 631.75 701.66 2
576 892.15 95.02 1
577 75.08 140.97 1
578 52.43 984.57 3
579 111.96 904.51 6
580 373.19 263.64 3
581 345.07 850.15 3
582 631.3 12.17 4
583 938.73 593.39 1
584 470.24 43.1 4
585 620.3 838.37 3
586 655.44 730.51 4
587 968.38 805.58 5
588 177.82 21.52 7
589 997.51 133.47 4
590 771.81 506.65 4
591 275.77 15.23 5
592 716.95 646.53 1
593 642.05 585.25 1
594 207.3 55.48 7
595 918.8 675.78 7
596 495.47 494.73 1
597 167.16 463.1 3
598 143.32 640.91 3
599 104.05 801.93 2
600 132.8 573.74 5
601 425.18 13.02 4
602 567.71 729.96 7
603 885.93 372.01 2
604 961.05 579.3 5
605 79.26 661.61 7
606 35.84 157.07 3
607 49.95 487.74 4
608 869.64 794.58 1
609 710.84 898.62 2
610 849.02 194.93 2
611 493.85 620.1 6
612 317.43 351.33 7
613 951.04 400.77 7
614 169.9 361.81 4
615 444.24 441.06 3
616 557.86 640.41 3
617 166.21 690.36 6
618 237.64 559.99 4
619 113.5 270.82 3
620 791.28 119.83 7
621 42.79 777.2 5
622 307.31 258.14 1
623 301.78 209.17 5
624 831.78 379.07 1
625 941.06 986.82 7
626 875.47 544.67 5
627 966.94 710.87 4
628 709.66 112.03 2
629 246.96 225.52 4
630 846.38 16.79 4
631 640.73 223.09 7
632 218.69 530.39 5
633 147.97 995.68 7
634 641.53 827.45 4
635 333.37 932.03 1
636 793.3 807.49 2
637 730.12 774.42 2
638 520.81 647.59 5
639 35 894.54 3
640 983.52 740.92 7
641 51.87 545.16 6
642 60.92 763.84 3
643 328.11 911.8 6
644 967.98 716.84 7
645 313.95 50.2 4
646 483.21 7.01 4
647 360.65 737.13 5
648 948.96 421.45 7
649 649.29 619.97 6
650 738.65 603.48 5
651 844.79 818.86 5
652 337.53 879.78 7
653 360.65 371.4 7
654 379.45 502.89 2
655 389.21 816.83 4
656 330.99 463.55 5
657 243.77 824.19 1
658 930.96 773.15 2
659 429.25 585.95 1
660 822.08 324.6 4
661 119.34 332.9 2
662 961.75 670.43 7
663 567.99 31.07 3
664 413.06 574.03 6
665 811.44 126.75 7
666 423.53 457.73 6
667 206.15 865.01 2
668 725.88 959.48 4
669 830.58 388.73 5
670 718.76 210.8 3
671 210.42 493.66 7
672 684.45 455.4 2
673 365.29 186.91 2
674 254 599.96 6
675 972.63 574.92 4
676 508.08 998.44 4
677 507.07 204.58 2
678 330.24 93.98 2
679 90.08 924.55 3
680 435.86 643.31 1
681 269.75 17.24 6
682 273.01 865.2 6
683 110.22 230.48 1
684 978.49 647.99 6
685 584.3 620.61 1
686 316.86 128.68 7
687 507.15 799.26 2
688 725.96 293.01 7
689 67.76 546.6 1
690 634.77 145.97 7
691 739.61 415.71 2
692 338.1 852.24 4
693 555.5 962.45 2
694 959.81 940.93 1
695 127.59 688.74 4
696 870.28 5.6 5
697 774.92 512.74 2
698 47.66 402.21 7
699 414.37 469.96 3
700 705.63 268.24 1
701 967.22 171.36 6
702 82.53 672.97 7
703 226.54 228.47 3
704 764.55 188.27 7
705 950.53 315.85 4
706 920.64 349.64 1
707 19.41 124.55 7
708 80.96 335.73 2
709 435.51 750.09 1
710 336.65 619.23 6
711 547.28 586.45 6
712 173.62 832.49 1
713 652.18 222.54 7
714 93.19 150.6 2
715 802.15 101.13 5
716 36.33 21.76 2
717 439.62 204.68 4
718 355.64 285.63 6
719 0.9 721.13 5
720 116.12 221.3 7
721 826.61 768.57 6
722 708.45 942.18 3
723 263.26 594.36 5
724 210.05 851.06 7
725 345.1 653.2 7
726 959.51 853.05 3
727 87.07 292.66 1
728 339.18 811.82 5
729 90.52 976.23 7
730 755.47 92.34 4
731 39.65 82.46 7
732 73.78 790.91 7
733 103.92 217.68 7
734 356.59 427.73 3
735 759.85 772.82 1
736 427.76 895.85 3
737 280.93 982.91 4
738 338.78 322.08 3
739 845.78 576.12 3
740 910.38 331.58 4
741 523.31 371.22 2
742 741.28 608.52 2
743 64.95 712.43 6
744 146.49 69.01 1
745 79.08 992.37 6
746 991.91 420.12 6
747 757.77 864.57 6
748 979.81 366.86 4
749 13.66 212.63 5
750 187.26 286.52 1
751 453.19 809.82 7
752 965.09 551.1 4
753 431.42 779.56 6
754 951.9 926.05 1
755 227.14 168.64 5
756 275.19 160.54 7
757 219.09 81.83 4
758 145.89 61.63 1
759 721.8 238.81 1
760 873.83 426.06 1
761 520.95 42.76 6
762 539.28 171.36 1
763 329.65 602.77 2
764 668.91 718.18 5
765 404.22 945.31 7
766 968.37 220.5 6
767 116.15 439.58 5
768 292.02 748.98 3
769 834.74 634.29 5
770 590.08 508.11 2
771 631.94 29.05 6
772 483.62 731.85 1
773 49.9 61.49 6
774 395.74 893.91 2
775 831.14 298.12 6
776 271.66 430 7
777 36.23 709.67 7
778 46.14 1.68 5
779 281.19 999.93 7
780 591.53 590 7
781 654.95 385.46 7
782 597.61 869.07 5
783 875.14 82.48 3
784 755.43 641.74 2
785 517.42 472.87 1
786 61.2 908.04 5
787 152.5 107.78 1
788 519.86 153.91 4
789 963.22 435.1 7
790 40.87 190.14 7
791 790.15 845.08 5
792 568.47 606.2 5
793 242.15 644.85 7
794 977.31 563.8 7
795 606.37 81.21 4
796 697.07 305.92 3
797 217.77 458.42 2
798 284.6 141.79 1
799 680.15 268.52 4
800 912.09 472.91 1
801 61.07 263.05 4
802 431.98 995.03 3
803 835.47 237.17 7
804 484.96 377.99 2
805 776.17 147.87 5
806 703.77 844.94 2
807 539.41 62.7 1
808 646.34 510.81 2
809 907.17 190.95 2
810 766.62 266.56 4
811 979.71 327.62 5
812 201.4 923.12 6
813 29.29 758.58 7
814 665.54 243.53 3
815 865.58 183.22 1
816 310.34 50.5 5
817 224.54 753.42 1
818 760.67 399.75 4
819 438.58 306.92 7
820 548.53 237.05 6
821 967.85 216.75 2
822 977.26 418.15 3
823 818.16 610.95 6
824 59.75 276.48 4
825 842.83 305.57 6
826 773.78 615.9 5
827 549.66 3.96 7
828 551.75 764.62 1
829 228.17 366.72 5
830 95.53 915.24 4
831 392.96 46.6 1
832 181.52 23.85 7
833 893.2 5.53 3
834 363.45 228.79 5
835 240.74 71.61 2
836 464.77 8.91 4
837 575.77 722.08 4
838 440.18 437.35 5
839 867.86 665.51 4
840 602.45 924.55 7
841 737.6 317.5 7
842 253.02 662.53 4
843 350.09 719.24 1
844 894.59 82.68 4
845 42.59 486.94 7
846 332.64 951.7 2
847 402.1 690.98 3
848 475.51 131.15 6
849 640.57 162.53 3
850 8.83 928.49 2
851 455.83 666.09 6
852 949.43 82.62 3
853 630.4 432.7 4
854 316.88 490.8 2
855 232.15 533.39 4
856 219.02 866.02 4
857 378.31 431.63 7
858 423.19 70.65 4
859 741.9 711.21 2
860 889.62 883.55 2
861 125.41 339.38 4
862 678.68 452.32 3
863 58 246.23 2
864 156.56 563.11 6
865 501.31 958.77 1
866 332.99 341.3 6
867 279.88 883.12 5
868 917.74 306.3 4
869 850.26 211.71 4
870 945.31 101.33 6
871 968.84 390.25 6
872 821.97 68.92 3
873 757.71 290.44 2
874 289.66 446.99 7
875 312.41 111.81 4
876 32.06 444.79 6
877 617.72 888.18 3
878 798.52 969.43 1
879 213.48 819.68 3
880 176.13 764.98 3
881 185.84 897.33 3
882 534.92 719.29 6
883 499.83 640.51 6
884 874.49 930.17 6
885 812.25 406.09 5
886 708.77 438.15 4
887 946.58 219.38 6
888 67.5 181.42 1
889 494.72 394.89 7
890 133.64 734.53 1
891 200.92 83.88 7
892 494.92 782.31 5
893 184.87 445.66 6
894 165.26 320.14 6
895 756.14 132.39 5
896 458.83 841.15 7
897 769.81 787.73 3
898 132.49 855.22 3
899 301.06 513.45 6
900 452.83 647.08 3
901 533.1 847.99 4
902 510.69 506.42 5
903 371.08 691.29 4
904 35.5 20.06 7
905 630.08 776.19 3
906 794.27 398.53 2
907 560.11 168.34 1
908 545.33 464.34 5
909 875.48 765.39 4
910 600.52 381.74 3
911 387.12 78.35 6
912 257.59 589.03 4
913 910.37 123.62 6
914 8.8 322.64 4
915 590.89 116.23 3
916 305.35 910.49 7
917 24.48 470.6 4
918 694.85 179.44 4
919 383.96 54.92 6
920 422.99 818.95 1
921 436.13 206.06 7
922 297.26 463.64 2
923 828.33 537.53 4
924 214.19 546.32 5
925 620.11 300.72 1
926 965.73 769.59 7
927 709.87 957.58 3
928 785.87 815.95 5
929 326.19 199.9 5
930 795.42 786.4 7
931 809.9 222.52 4
932 902.72 683.3 6
933 584.56 675.14 4
934 717.06 889.32 6
935 172.18 672.94 3
936 743.53 802.18 2
937 225.37 512.05 1
938 504.83 461.43 2
939 800.21 951.13 1
940 314.02 910.07 3
941 483.25 719.96 1
942 185.57 622.68 4
943 351.53 370.75 5
944 218.52 87.8 1
945 631.83 423.5 4
946 509.38 167.02 6
947 320.02 392.38 3
948 924.72 897.21 1
949 508.88 860.93 1
950 292.93 174.95 2
951 26.89 821.71 2
952 983.37 7.28 6
953 623.13 522.32 1
954 938.03 740.83 2
955 305.76 536.18 5
956 509.94 209.07 6
957 352.78 529.08 1
958 34.7 453.8 3
959 14.52 126.19 2
960 108.99 582.64 1
961 113.51 609.52 2
962 1.51 592.88 4
963 512.18 216.01 2
964 557.12 317.55 4
965 853.37 786.82 4
966 573.11 296.75 7
967 459.86 813.05 1
968 902.51 847.74 4
969 405.88 25.78 1
970 770.18 134.76 2
971 472.93 411.78 7
972 997.39 413.29 4
973 692.64 88.98 7
974 910.2 646.09 6
975 868.59 499.45 4
976 363.14 72.55 3
977 230.28 532.41 2
978 462.97 598.43 1
979 476.49 4.31 6
980 616.19 938 1
981 338.53 574.44 7
982 833.9 735.35 5
983 85.66 427.98 3
984 553.43 338.18 1
985 502.25 206.76 7
986 237.89 733.41 7
987 270.27 127.2 7
988 115.69 753.68 7
989 972.36 230.16 1
990 854.81 9.87 6
991 35.52 511.91 3
992 628.01 345.8 3
993 633.78 594.97 7
994 892.05 148.39 6
995 959.92 650.64 5
996 363.71 888.52 6
997 167.09 322.3 7
998 502.87 601.5 1
999 600.6 573.85 1
1000 702.62 592.17 4
1001 906.16 627.69 2
1002 684.13 255.69 6
1003 197.44 52.99 6
1004 302.24 108.55 7
1005 745.22 68.46 5
1006 558.46 595.68 3
1007 432.15 762.77 3
1008 269.52 429.15 4
1009 860.56 29.74 5
1010 845.27 732.36 3
1011 3.37 638.51 3
1012 509.84 322.63 6
1013 689.15 683.58 1
1014 299.9 985.81 6
1015 222.55 894.54 2
1016 795.84 616.52 2
1017 584.67 48.66 2
1018 532.28 318.17 3
1019 81.37 342.24 6
1020 531.35 351.03 3
1021 573.5 354.39 7
1022 243.32 27.74 1
1023 332.35 716.88 1
1024 637.88 180.29 3
1025 215.47 402.84 6
1026 861.51 362.19 5
1027 103.23 946.85 2
1028 434.74 479.12 7
1029 195.4 724.01 4
1030 985.8 418.87 3
1031 672.06 992.36 4
1032 996.83 399.2 3
1033 971.25 731.54 3
1034 629.25 532.94 2
1035 273.05 748.4 6
1036 974.9 773.43 1
1037 293.27 40.17 1
1038 660.29 474.9 3
1039 508.99 670.3 5
1040 863.45 656.09 4
1041 405.41 328.14 6
1042 628.79 488.48 6
1043 716.39 459.73 2
1044 684.38 88.97 5
1045 832.65 525.53 6
1046 547.28 500.42 7
1047 624.08 957.2 7
1048 811.25 781 1
1049 641.06 453.51 7
1050 194.86 316.95 7
1051 331.05 885.88 4
1052 459.6 514.66 1
1053 823.81 231.04 2
1054 246.6 78.93 4
1055 202.32 75.1 4
1056 233.48 785.89 5
1057 874.53 409.96 2
1058 719.27 384.73 5
1059 38.9 189.3 2
1060 28.82 547.67 7
1061 674.82 878.72 3
1062 812.47 338.31 5
1063 602.12 325.63 7
1064 687.97 572.23 3
1065 26.3 938.06 7
1066 890.15 335.05 6
1067 417.94 209.58 1
1068 66.44 92.36 3
1069 495.93 131.25 1
1070 378.93 160.06 4
1071 742.39 998.39 7
1072 828.2 974.37 1
1073 592.18 576.49 6
1074 750.72 264.45 4
1075 988.19 454.27 6
1076 464.26 507.93 5
1077 726.22 89.38 4
1078 398.13 155.81 3
1079 781.8 815.26 7
1080 191.24 194.18 6
1081 311.86 936.56 1
1082 474.72 928.27 7
1083 975.87 683.96 2
1084 802.65 434.68 5
1085 528.69 586.38 5
1086 192.79 214.15 7
1087 191.93 940.36 3
1088 564.16 502 2
1089 192.26 283.79 3
1090 788.08 475.02 7
1091 870.99 950.4 2
1092 788.76 425.11 6
1093 844.41 400.97 1
1094 476.55 367.14 4
1095 536.65 895.82 4
1096 51.01 252.12 7
1097 236.81 444.04 4
1098 675.51 171.71 5
1099 270.02 363.96 7
1100 679.77 315.55 6
1101 447.22 186.53 5
1102 151.21 975.28 3
1103 946.99 983.21 1
1104 263.2 459.75 1
1105 341.12 159.91 1
1106 5.41 374.43 4
1107 883.84 611.23 5
1108 866.15 450.26 4
1109 350.46 720.27 4
1110 118.55 563.55 1
1111 525.17 10.76 3
1112 882.19 325.49 3
1113 991.34 272.47 4
1114 501.46 699.18 5
1115 542.23 40.29 2
1116 642.34 45.69 3
1117 831.04 93.04 5
1118 790.81 959.19 4
1119 922.29 473.16 6
1120 417.73 591.7 2
1121 392.23 116.86 7
1122 389.73 162.56 3
1123 689.55 153.9 2
1124 972.57 655.35 4
1125 878.85 197.58 3
1126 945.03 839.91 7
1127 549.15 834.46 4
1128 764.5 788.78 6
1129 593.61 711.07 4
1130 142.99 292.31 2
1131 419.43 684.53 3
1132 870.14 237.77 2
1133 646.34 927.32 4
1134 858.51 63.4 7
1135 933.38 105.77 3
1136 885 214.31 6
1137 45.83 763.46 3
1138 463.21 691.47 6
1139 839.77 285.07 6
1140 689.48 428.05 2
1141 294.4 847.47 6
1142 16.17 881.13 4
1143 900.5 690.98 6
1144 938.72 549.48 4
1145 632.29 646.37 3
1146 850.46 531.37 7
1147 908.54 740.71 2
1148 128.1 203.91 2
1149 972.92 207.19 4
1150 692.32 60.18 3
1151 704.02 354.57 2
1152 400.24 370.73 4
1153 334.23 434.75 1
1154 359.04 373.46 5
1155 610.77 169.26 5
1156 968.26 19.72 2
1157 540.06 91.77 6
1158 875.3 219.86 1
1159 65.53 356.3 4
1160 540.82 48.61 6
1161 607.67 916.15 4
1162 521.99 479.9 2
1163 480.95 977.64 3
1164 130.88 500.2 2
1165 493.81 110.96 5
1166 503.1 79.22 4
1167 207.27 619.27 4
1168 815.66 658.08 4
1169 791.47 887.12 3
1170 974.46 591.45 4
1171 217.62 199.12 4
1172 978.86 884.62 4
1173 274.34 365.57 3
1174 4.57 659.96 4
1175 271.77 317.28 3
1176 708.22 983.89 6
1177 327.91 354.67 4
1178 202.87 333.84 5
1179 297.69 125.3 5
1180 912.32 99.75 1
1181 739.08 317.36 4
1182 481.97 459.73 6
1183 704.76 734.07 7
1184 905.19 902.15 7
1185 605.8 173.91 5
1186 580.89 882.12 5
1187 635.19 373.54 4
1188 308.75 739.93 7
1189 803.91 201.13 7
1190 186.18 113.45 5
1191 323.41 16.04 6
1192 496.24 498 6
1193 717.2 202.76 4
1194 467.24 107.94 4
1195 40.75 877.25 5
1196 931.54 458.14 3
1197 969.74 93.32 7
1198 526.12 565.59 1
1199 252.81 369.49 7
1200 268.32 719.18 3
1201 220.06 206.1 7
1202 816.19 865.85 6
1203 708.52 583.04 2
1204 661.96 213.79 1
1205 354.01 418.06 1
1206 383.49 349.59 7
1207 458.6 482.84 4
1208 907.24 8.95 5
1209 259.33 425.28 5
1210 649.02 693.59 1
1211 479.19 77.16 1
1212 325.39 893.34 3
1213 506.06 765.38 4
1214 216.53 427.33 7
1215 871.4 781.33 1
1216 730.56 164.81 2
1217 47.85 786.92 4
1218 458.46 694.16 7
1219 598.16 953.48 3
1220 270.87 766.01 2
1221 826.26 408.71 6
1222 587.75 734.09 4
1223 215.09 403.66 6
1224 588.98 620.18 5
1225 176.65 655.1 1
1226 345.9 385.65 6
1227 28.25 597.02 2
1228 193.43 55.47 7
1229 531.08 817.14 2
1230 294 88 7
1231 750.51 77.78 1
1232 447.69 665.52 6
1233 38.2 880.6 7
1234 394.09 469.57 2
1235 177.29 809.74 2
1236 905.34 319.15 7
1237 961.72 347.39 1
1238 805.01 540.81 1
1239 505.97 71.89 6
1240 323.92 365.88 7
1241 907.87 279.9 4
1242 227.56 727.58 2
1243 117.81 765.78 7
1244 738.75 159.86 5
1245 979.87 500.66 2
1246 203.12 406 1
1247 812.02 531.23 6
1248 17.92 499.75 1
1249 442.81 5.71 7
1250 684.83 329.62 1
1251 178.36 401 4
1252 749.67 628.55 4
1253 150.01 909.87 4
1254 430.94 812.13 5
1255 344.96 955.52 4
1256 232.23 158.63 7
1257 438.64 970.64 5
1258 992.43 988.56 2
1259 250.55 431.36 1
1260 744.06 116.18 4
1261 766.97 458.05 5
1262 69.78 371.23 7
1263 263.68 684.75 3
1264 223.35 115.69 1
1265 506.39 624.16 5
1266 453.6 856.39 7
1267 806.81 295.02 1
1268 854.75 450.97 5
1269 402.44 701.51 1
1270 119.34 445.56 4
1271 165.86 212.53 6
1272 776.88 445.82 7
1273 16.45 709.49 2
1274 329.39 96.35 6
1275 617.98 766.25 2
1276 698.56 219.84 7
1277 937.77 190.16 7
1278 311.13 208.43 1
1279 673.04 774.38 1
1280 629.82 893.71 7
1281 702.77 223.08 2
1282 397.28 163.48 4
1283 626.54 343.44 5
1284 540.55 836.34 3
1285 570.23 454.32 7
1286 387.59 152.87 6
1287 224.85 254.15 4
1288 357.13 565.27 6
1289 103.88 401.82 5
1290 552.14 31.63 6
1291 609.47 734.39 7
1292 206.36 295.19 4
1293 85.54 85.24 2
1294 837.72 625.78 1
1295 686.24 359.53 7
1296 301 910.63 7
1297 299.11 135.48 7
1298 487.38 492.6 6
1299 47.59 596.47 2
1300 382.17 312.12 4
1301 610.46 85.1 4
1302 388.86 291.45 2
1303 167.21 376.98 2
1304 452.51 378.21 4
1305 574.14 227.96 1
1306 150.09 528.95 4
1307 42.42 991.58 4
1308 188.89 478.95 6
1309 64.15 690.06 3
1310 341.23 72.22 2
1311 649.93 846.19 2
1312 856.53 235.04 4
1313 358.32 565.76 7
1314 272.38 18.26 5
1315 812.21 755.92 3
1316 711.57 69.52 2
1317 685.07 275.45 4
1318 794.04 464.33 7
1319 395.6 692 1
1320 920.66 33.22 2
1321 757.84 683.14 5
1322 680.12 539.66 2
1323 57.36 61.49 3
1324 811.57 333.86 7
1325 107.51 146.07 6
1326 631.41 21.15 3
1327 847.77 706.21 6
1328 55.7 500.24 7
1329 906.09 59.35 6
1330 610.06 980 1
1331 222.72 901.36 3
1332 845.08 581.47 2
1333 702.48 638.82 5
1334 125.64 613.9 4
1335 894.09 884.93 3
1336 254.93 516.33 3
1337 848.8 527.61 3
1338 881.63 583.3 6
1339 378.78 652.9 1
1340 567.93 426.47 6
1341 953.8 649.18 3
1342 22.81 657.78 6
1343 794.99 523.77 5
1344 792.17 812.92 2
1345 286.73 707 3
1346 927.35 125.44 2
1347 752.63 974.23 7
1348 447.63 855.85 5
1349 806.38 398.15 2
1350 224.47 966.07 7
1351 786.08 919.86 3
1352 249.03 106.18 3
1353 456.97 64.68 6
1354 303.71 856.85 4
1355 927.87 307.09 2
1356 436.95 397.96 6
1357 625.87 314.1 6
1358 178.87 761.73 5
1359 642.2 568.1 2
1360 758.43 956.09 2
1361 301.12 742.16 2
1362 656.5 154.7 5
1363 833.18 611.66 5
1364 533.62 915.37 3
1365 46.97 6.75 2
1366 267.32 607.22 3
1367 776.63 233.08 4
1368 260.16 411.95 3
1369 763.05 217.66 6
1370 827.61 976.08 7
1371 694.7 277.19 6
1372 808.69 933.69 2
1373 865.34 930.38 4
1374 986.66 463.99 1
1375 291.86 510.95 7
1376 740.62 941.79 4
1377 750.86 718.41 5
1378 75.19 978.56 1
1379 324.76 905.12 3
1380 305.94 732.72 4
1381 243.21 590.94 3
1382 86.14 399.62 3
1383 83.77 264.95 5
1384 693.06 415.12 5
1385 381.22 870.49 6
1386 76.13 611.11 6
1387 378.25 525.48 7
1388 76.97 600.66 5
1389 351.14 88.93 3
1390 679.45 394.86 6
1391 147.36 801.58 5
1392 55.97 887.72 6
1393 898.26 971.48 3
1394 834.44 828.05 2
1395 71.08 209.27 3
1396 982.18 448.91 7
1397 835.07 990.68 2
1398 406.35 67.64 3
1399 119.71 418.77 5
1400 738.18 261.74 3
1401 89.36 572.61 4
1402 31.48 628.57 4
1403 536.73 526.82 4
1404 306.92 361.25 6
1405 819.27 595.84 1
1406 202.11 741.53 4
1407 196.04 576.59 1
1408 878.97 146.46 2
1409 162.54 266.16 2
1410 698.56 4.33 5
1411 792.95 93.68 2
1412 688.91 288.67 7
1413 472.59 825.39 6
1414 554.78 295.83 3
1415 301.49 278.61 2
1416 420.99 480.71 5
1417 152.91 840.27 2
1418 711.98 719.23 3
1419 502.2 45.28 1
1420 874.7 743.83 5
1421 672.46 536.77 2
1422 879.29 389.2 3
1423 878.21 861.78 5
1424 567.45 416.55 3
1425 617.94 881.55 7
1426 427.77 466.05 5
1427 979.13 618.95 7
1428 107.08 494.44 6
1429 544.99 996.63 6
1430 249.06 34.85 4
1431 284.48 870.82 3
1432 413.58 750.1 1
1433 831.35 791.82 6
1434 238.02 522.79 7
1435 940.51 140.72 3
1436 921.6 732 3
1437 546.92 711.13 2
1438 12.5 981.72 1
1439 197.3 526.7 3
1440 427.38 939.27 6
1441 564.8 223.75 1
1442 238.98 800.84 1
1443 465.88 632.18 7
1444 718.06 870.19 5
1445 386.79 810.69 5
1446 100.58 895.81 6
1447 280.41 442.72 1
1448 242.71 455.22 6
1449 535.93 816.03 5
1450 989.29 243.4 2
1451 641.01 808.19 3
1452 163.54 210.69 7
1453 599.68 676.56 1
1454 991.16 558.13 3
1455 905.42 944.91 4
1456 123.91 209 7
1457 74.4 652.93 5
1458 899.52 895.63 3
1459 869.88 595.07 6
1460 366.93 584.35 7
1461 966.76 388.87 3
1462 953.86 715.92 7
1463 741.79 479.12 1
1464 325.41 633.79 5
1465 779.22 702.73 1
1466 43.72 826.63 5
1467 367.53 64.54 6
1468 297.58 964.06 3
1469 682.84 997.45 3
1470 47.65 364.37 6
1471 655.85 331.12 5
1472 72.23 448.49 5
1473 699.3 353.79 1
1474 166.43 679.2 6
1475 355.21 458.41 5
1476 488.9 502.12 7
1477 995.1 33.17 7
1478 317.74 330.74 7
1479 536 177.1 6
1480 349.33 224.74 1
1481 910.53 880.58 5
1482 860.59 952.8 3
1483 853.6 815.61 2
1484 325.73 145.56 1
1485 595.16 500.76 5
1486 403.79 153.17 7
1487 202.56 311.78 1
1488 229.39 793.03 1
1489 220.27 329.03 3
1490 208.59 678.35 2
1491 724.79 588.87 6
1492 735.63 612.97 6
1493 194.95 466.57 3
1494 8.05 955.81 5
1495 500.35 550.96 5
1496 614.57 954.74 5
1497 230.9 320.81 7
1498 43.92 550.2 4
1499 187.67 933.98 2
1500 672.03 306.09 1
1501 381.12 30.87 4
1502 970.78 930.01 1
1503 840.27 124.95 1
1504 525.37 296.52 6
1505 356.02 796.86 5
1506 14.47 411.42 7
1507 826.08 805.83 7
1508 112.98 849.74 6
1509 192.91 37.4 5
1510 765.38 709.42 1
1511 852.68 254.05 6
1512 855.88 224.82 2
1513 308.52 65.09 3
1514 554.77 590.45 4
1515 593.29 109.99 6
1516 182.77 124.45 2
1517 890.49 114.04 7
1518 82.54 390.53 5
1519 824.78 583.44 5
1520 501 348.81 5
1521 483.29 365 4
1522 823.49 384.39 6
1523 93.7 692.91 2
1524 488.85 247.67 3
1525 180.51 4.47 5
1526 832.54 187.23 5
1527 59.5 241.24 7
1528 92.28 323.77 2
1529 974.8 148.55 6
1530 58.24 813.06 6
1531 14.61 459.86 2
1532 225.02 283.35 2
1533 823.77 377.04 6
1534 487.6 29.4 7
1535 68.92 373.42 4
1536 760.21 205.95 5
1537 739.47 428.96 6
1538 996.27 521.23 2
1539 480.08 496.03 6
1540 874.36 554.26 2
1541 617.45 568.86 7
1542 52.57 957.39 1
1543 708.55 781.16 4
1544 220.96 268.75 4
1545 144.54 501.18 2
1546 236.11 261.39 1
1547 514.91 164.37 2
1548 198.45 160.63 3
1549 205.76 804.23 5
1550 688.65 678.58 6
1551 984.59 459.54 1
1552 740.39 512.1 7
1553 943.04 220.65 7
1554 686.25 605.12 7
1555 622.36 913.17 1
1556 768.37 149.28 7
1557 447.35 664.18 3
1558 391.77 862.62 1
1559 20.93 231.9 4
1560 309.63 920.54 7
1561 152.58 68.65 6
1562 727.9 809.03 5
1563 260.6 915.58 2
1564 737.98 601.82 2
1565 484.1 387.7 3
1566 894.91 156.06 5
1567 567.11 603.4 3
1568 403.66 158.68 3
1569 564.36 343.12 7
1570 529.28 652.74 6
1571 336.3 968.83 5
1572 602.85 696.72 2
1573 381.49 120.84 6
1574 544.3 858.81 6
1575 475.73 506.42 4
1576 320.33 401.32 2
1577 314.2 968.42 3
1578 135.76 535.6 3
1579 983.46 263.47 2
1580 226.56 956.27 2
1581 390.2 456.08 1
1582 786 58.92 1
1583 990.82 603.92 3
1584 111.22 311.73 2
1585 996.95 950.98 2
1586 270.37 271.3 5
1587 863.36 749.02 1
1588 223.26 884.77 5
1589 741.84 31.74 1
1590 767.06 258.3 2
1591 445.01 812.01 3
1592 91.78 598.01 7
1593 598.79 752.34 7
1594 226.63 863.55 6
1595 40.31 24.01 2
1596 360.4 457.89 2
1597 81.81 484.76 7
1598 98.67 708.02 3
1599 651.12 613.37 1
1600 630.55 380.42 2
1601 729.77 825.42 6
1602 285.05 917.2 7
1603 899.25 679.5 1
1604 280.88 906.13 4
1605 974.23 946.43 2
1606 618.56 470.35 5
1607 697.7 552.15 3
1608 525.85 814.33 6
1609 402.28 628.96 2
1610 310.45 423.02 4
1611 476.91 152.78 1
1612 618.9 601.35 5
1613 358.88 500.59 2
1614 14.72 944.98 5
1615 534.11 919.2 1
1616 241.02 701.27 6
1617 569.33 562.48 1
1618 382.4 88.32 7
1619 67 654.12 5
1620 528.49 964.56 1
1621 370.39 604.99 6
1622 201.22 223.88 4
1623 949.25 746.27 1
1624 540.29 760.99 3
1625 200.97 458.61 7
1626 808.07 863.14 6
1627 49.04 432.46 3
1628 842.14 978.38 5
1629 613.09 45.37 2
1630 849.46 573.85 6
1631 672.37 107.75 1
1632 811.58 308.97 5
1633 552.12 421.73 5
1634 956.77 962.01 5
1635 306.38 326.49 1
1636 575.19 134.55 3
1637 872.31 347.1 5
1638 568.38 189.24 3
1639 516.28 802.32 7
1640 281.82 815.29 6
1641 11.91 651.18 1
1642 183.46 626.27 6
1643 905.92 341.9 2
1644 374.64 298.66 2
1645 604.35 605.04 3
1646 619.69 343.74 4
1647 334.65 216.04 2
1648 645.58 947.93 4
1649 934.88 627.73 4
1650 433.06 909.54 1
1651 832.13 921.44 5
1652 175.43 268.41 2
1653 827.68 174.32 4
1654 65.18 712.47 4
1655 264.67 480.33 6
1656 954.17 100.02 2
1657 778.21 434.66 6
1658 112.86 243.75 4
1659 636.75 342.14 7
1660 126.46 938.71 2
1661 431.46 770.84 4
1662 551.15 946.26 6
1663 297.1 773.93 5
1664 384.95 2.62 4
1665 934.97 267.29 4
1666 253.54 384.97 7
1667 915.84 163.17 6
1668 957.7 276.02 7
1669 111.01 76.28 3
1670 728.51 202.74 1
1671 419.07 797.71 5
1672 31.05 348.86 2
1673 238.48 809.47 2
1674 620.21 357.93 1
1675 714.41 292.89 4
1676 452.46 546.42 7
1677 126.99 625.78 4
1678 399.7 746.99 3
1679 79.66 857.99 7
1680 938.24 586.5 6
1681 899.04 169.08 3
1682 467.15 363.64 1
1683 145.03 602.11 3
1684 596.83 222.32 2
1685 214.77 100.24 1
1686 263.51 552.69 3
1687 697.21 843.2 4
1688 457.59 406.41 5
1689 657.51 486.06 5
1690 933.7 587.81 1
1691 412.62 486.84 1
1692 852.76 117.5 7
1693 641.76 262.52 2
1694 403.74 22.87 4
1695 360.12 401.15 2
1696 936.43 828.18 7
1697 59.16 525.38 7
1698 971.17 146.49 2
1699 630.17 803.99 1
1700 147.16 737.68 6
1701 414.15 150.29 7
1702 13.74 166.56 6
1703 813.44 971.83 4
1704 378.76 375.56 4
1705 329.92 899.2 1
1706 381.31 835.62 2
1707 148.9 894.77 4
1708 759.69 865.94 2
1709 940.39 659.62 4
1710 770.67 806.77 2
1711 352.28 384.44 6
1712 420.72 398.17 4
1713 606.65 375.12 3
1714 218.62 753.87 1
1715 853.45 247.3 3
1716 889.43 628.6 7
1717 917.09 941.02 5
1718 470.13 700.7 2
1719 169.65 804.6 2
1720 673.15 738.79 6
1721 77.84 91.06 2
1722 632.81 675.29 6
1723 517.86 281.93 4
1724 211.21 664.07 7
1725 443.63 517.51 1
1726 738.77 570.45 1
1727 869.52 651.06 5
1728 895.03 121.18 4
1729 113.52 454.35 1
1730 991.62 127.49 5
1731 676.48 368.85 2
1732 72.82 1.65 5
1733 703.79 519.5 4
1734 36.92 894.22 1
1735 123.91 501.37 4
1736 621.71 240.13 1
1737 748.11 109.64 6
1738 815.52 168.18 6
1739 747.14 281.69 5
1740 646.88 273.3 4
1741 285.39 113.3 3
1742 342 186.11 7
1743 910.36 53.41 3
1744 924.17 90.32 7
1745 765.56 377.74 5
1746 287.98 999.45 6
1747 380.84 747.55 7
1748 288.27 726.59 4
1749 316.87 473.72 2
1750 799.82 284.11 4
1751 573.77 733.02 7
1752 880.08 75.01 2
1753 24.51 985.36 1
1754 851.96 73.05 2
1755 737.15 2.12 2
1756 960.17 290.09 1
1757 586.84 834.44 4
1758 323.13 286.22 2
1759 227.6 603.09 3
1760 413.76 566.42 7
1761 36.73 303.7 5
1762 936.51 183.77 4
1763 185.91 371.79 6
1764 488.71 223.75 1
1765 45.35 124.41 3
1766 979.73 248.09 3
1767 77.06 834.92 5
1768 85.46 158.05 1
1769 820.44 385.64 5
1770 192.66 962.91 2
1771 848.98 163.15 5
1772 238.31 99.65 6
1773 866.16 449.07 1
1774 479.36 937.78 5
1775 329.13 983.12 4
1776 344.53 126.36 5
1777 650.01 366.94 5
1778 953.45 452.39 5
1779 543.11 272.83 4
1780 735.84 465.48 5
1781 658.51 477.97 4
1782 48.38 716.27 5
1783 458.5 582.42 7
1784 403.92 225.29 3
1785 736.6 717.93 5
1786 193.68 62.45 7
1787 898.84 875.98 6
1788 438.92 829.42 1
1789 300.56 536.04 1
1790 711.36 435.4 3
1791 85.06 257.42 1
1792 785.42 305.79 4
1793 585.43 927.8 1
1794 998.03 331.71 4
1795 348.39 231.82 4
1796 845.39 425.49 5
1797 468.75 324.33 5
1798 622.55 926.76 3
1799 228.74 390.84 3
1800 271.27 102.19 2
1801 942.79 350.76 6
1802 92.27 136.17 6
1803 958.01 885.12 2
1804 569.68 883.14 5
1805 570.16 231.52 1
1806 288.56 240.43 7
1807 232.92 872.69 3
1808 216.78 495.23 2
1809 30.05 723.97 3
1810 379.35 158.75 6
1811 164.05 101.54 4
1812 369.67 193.8 6
1813 881.08 315.33 3
1814 320.29 885 7
1815 254.72 618.67 4
1816 584.48 70.74 6
1817 176.21 467.18 1
1818 419.3 683.95 6
1819 589.15 877.51 2
1820 149.82 256.85 3
1821 812.68 584.41 1
1822 989.8 117.6 3
1823 303.09 998.67 4
1824 501.49 482.47 2
1825 746.54 900.7 2
1826 223.11 485.18 1
1827 103.61 824.9 7
1828 20.32 244.2 6
1829 268.73 996.86 2
1830 404.62 146.67 3
1831 862.77 122.86 4
1832 585.98 276.18 1
1833 502.98 579.26 4
1834 735.3 244.27 1
1835 16.13 990.8 1
1836 79.15 377.42 7
1837 212.91 644.55 7
1838 977.35 664.86 2
1839 589.26 97.1 5
1840 78.66 665.23 2
1841 824.91 527.99 5
1842 319.09 277.48 7
1843 930.85 780.45 4
1844 704.8 515.74 6
1845 961.22 695.39 1
1846 118.33 774.53 1
1847 760.61 150.95 3
1848 391.3 128.3 4
1849 429.71 881.07 4
1850 464.96 959.72 7
1851 810.4 948.15 3
1852 278.7 430.75 6
1853 23.16 361.59 2
1854 673.92 229.91 1
1855 405.42 191.12 5
1856 291.24 309.44 6
1857 881.51 233.56 2
1858 116.32 788.37 7
1859 15.98 218.07 4
1860 176.25 846.55 4
1861 1.74 656.94 5
1862 518.73 99.15 4
1863 313.2 285.83 4
1864 51.64 959.74 5
1865 305.81 365.16 6
1866 255.36 819.91 5
1867 142.95 864.93 3
1868 181.49 981.24 2
1869 675.36 997.21 3
1870 886.77 336.97 2
1871 221.42 502.22 2
1872 667.72 20.94 3
1873 544.77 497.66 7
1874 110.44 712.81 1
1875 742.49 18.61 3
1876 729.17 437.48 6
1877 25.28 743.94 3
1878 718.46 88.95 1
1879 200 764.3 1
1880 899.61 651.07 4
1881 609.28 36 4
1882 139.41 867.23 2
1883 768.68 575.51 2
1884 847.29 685.94 6
1885 722.11 591.94 5
1886 289.13 321.1 5
1887 676.04 346.37 7
1888 91.4 64.82 4
1889 487.98 428.34 6
1890 45.29 327.94 4
1891 939.55 100.74 2
1892 336.03 403.66 4
1893 916.96 172.33 4
1894 159.06 19.61 5
1895 277.48 905.23 6
1896 414.5 194.35 1
1897 988.99 33.91 1
1898 470.93 288.82 6
1899 205.34 776.79 3
1900 540.52 822.07 6
1901 853.8 761.62 3
1902 203.07 261.16 4
1903 583.08 341.63 3
1904 538.6 500.68 7
1905 507.1 941.67 2
1906 904.01 356.16 6
1907 785.53 508.66 7
1908 13.42 143.1 1
1909 633.17 348.43 5
1910 517.72 52.46 7
1911 57.25 906.25 2
1912 697.51 272.83 1
1913 741.42 855.91 3
1914 121.17 558.02 2
1915 520.52 65.11 3
1916 152.14 969.11 3
1917 978.1 918.16 2
1918 1.48 931.57 1
1919 477.19 728.25 3
1920 729.68 409.49 7
1921 967.76 466.73 1
1922 130.97 164.24 6
1923 718.85 905.65 3
1924 484.83 190.34 3
1925 78.52 874.37 6
1926 450.35 26.5 1
1927 341.85 168.11 1
1928 742 169.58 4
1929 285.25 810.28 3
1930 340.44 539.96 4
1931 448.08 671.23 3
1932 625.49 802.2 5
1933 75.73 684.56 2
1934 545.38 169.39 2
1935 573.05 247.9 2
1936 829.35 861.77 3
1937 218.27 203.61 3
1938 525.34 945.61 1
1939 763.97 230.85 2
1940 894.37 734.8 5
1941 434.25 182.87 7
1942 440.86 808.36 1
1943 775.21 47.6 6
1944 178.73 592.97 1
1945 772.58 166.02 2
1946 240.8 158.88 5
1947 735.51 377.14 1
1948 561.84 902.47 3
1949 557.75 829.95 7
1950 363.94 724.32 1
1951 873.59 322.08 4
1952 54.47 762.93 1
1953 201.06 701.66 5
1954 32.21 880.38 2
1955 196.25 816.48 7
1956 771.71 57.27 4
1957 208.93 956.29 5
1958 849.76 518.12 6
1959 599.7 75.87 6
1960 580.49 603.32 2
1961 459.58 476.9 4
1962 521.54 694.89 7
1963 555.37 895.94 7
1964 636.79 91.66 1
1965 474.7 287.91 3
1966 478.61 59.61 2
1967 804.92 268.54 3
1968 344.83 281.81 7
1969 114.25 881.5 3
1970 550.09 461.98 3
1971 37.28 921.56 2
1972 683.02 443.09 5
1973 418.73 161.98 7
1974 856.09 798.76 6
1975 173.83 273.45 1
1976 635.07 915.58 1
1977 990.06 720.49 2
1978 464.84 228.83 5
1979 457.74 343.07 3
1980 690.02 56.67 4
1981 525.61 93.94 3
1982 1.62 940.48 5
1983 172.5 359.2 4
1984 402.84 215.29 2
1985 724.84 552.63 6
1986 334.73 187.69 3
1987 331.27 341.26 1
1988 596.34 969.62 1
1989 143.21 590.87 2
1990 571.58 280.89 4
1991 625.44 970.01 2
1992 600.85 971.62 3
1993 182.86 144.12 2
1994 90.37 710.47 6
1995 796.63 435.3 3
1996 939.85 933.55 4
1997 998.65 264.81 5
1998 941.44 861.15 1
1999 276.58 167.87 2
2000 954.79 902.96 7
