200
2000
1 500 500
2 643.41 178.39 2
3 148.24 920.31 4
4 135.27 816.22 4
5 559.32 78.63 7
6 394.02 889.32 7
7 6.41 638.27 5
8 982.59 503.8 4
9 506.68 705.08 7
10 311.83 850.01 6
11 790.86 215.07 3
12 31.25 21.99 5
13 940.93 170.22 4
14 591.88 469 5
15 494.24 28.32 6
16 310.64 585.85 1
17 607.52 592.25 3
18 777.25 738.36 7
19 187.77 245.03 6
20 524.05 556.85 3
21 146.87 511.22 2
22 561.12 705.98 2
23 153.75 646.9 1
24 830.2 402.29 2
25 322.86 896.53 6
26 221.19 370.68 3
27 8.83 141.71 1
28 434.73 918.95 7
29 527.94 270.23 7
30 489.75 794.27 7
31 301.56 104.65 1
32 491.95 665.76 1
33 704.32 819.5 7
34 250.42 649.69 7
35 102 136.06 4
36 308.92 520.76 4
37 101.69 529.58 2
38 486.71 964.3 6
39 610.07 655.76 6
40 141.98 145.5 5
41 394.24 447.06 2
42 157.72 102.52 3
43 627.16 806.84 3
44 907.02 220.77 3
45 589.17 486.28 1
46 331.35 795.2 1
47 607.73 896.88 1
48 25.8 547.1 3
49 526.34 157.17 6
50 297.09 462.66 6
51 25.63 856.89 2
52 858.8 14.6 4
53 521.25 641.76 5
54 839.66 712.29 5
55 134.8 464.97 2
56 729.51 959.84 1
57 844.97 567.56 4
58 490.01 756.87 3
59 262.87 446.72 4
60 691.47 907.33 6
61 429.09 932.95 7
62 777.28 955.26 4
63 64.47 476.5 1
64 485.52 479.68 4
65 127.34 777.99 2
66 255.44 507.49 7
67 342.24 352.45 6
68 325.92 5.98 3
69 856.7 268.84 3
70 871.67 123.82 3
71 185.78 552.91 3
72 520.29 493.7 7
73 869.39 721.68 5
74 23.77 207.2 1
75 53.95 498.05 2
76 549.09 753.48 1
77 4.07 95.72 4
78 26.59 585.15 3
79 969.5 441.84 1
80 359.13 477.03 6
81 656.07 662.8 5
82 49.48 346.6 4
83 561.66 215.98 3
84 713.85 403.26 1
85 509.24 620.72 3
86 82.6 169.81 6
87 490.49 173.87 6
88 250.82 363.97 1
89 17.12 496.99 4
90 215.77 856.11 6
91 538.23 675.69 3
92 577.12 888.68 1
93 109.7 613.85 2
94 527.47 327.7 5
95 152.44 0.45 6
96 275.45 83.04 5
97 151.93 573.52 7
98 451.17 987.85 3
99 172.03 4.96 6
100 661.76 220.72 4
101 628.52 758.95 7
102 258.06 499.58 4
103 397.72 772.79 6
104 916.87 300.25 7
105 2.79 452.68 1
106 709.43 728.12 1
107 749.39 43.57 2
108 126.73 494.73 5
109 31.56 830.27 7
110 269.84 655.54 2
111 691.27 284.05 6
112 788.38 705.63 2
113 937.68 103.34 5
114 700.83 183.72 2
115 791.67 186.5 1
116 882.95 895.93 4
117 384.31 808.83 4
118 459.18 99.08 4
119 685.41 130.63 5
120 916.6 563.98 5
121 368.51 255.24 7
122 906.39 207.13 7
123 780.33 144.81 2
124 590.56 9.15 7
125 864.56 800.82 1
126 427.72 847.28 6
127 882.51 231.58 5
128 380.86 854.27 1
129 537.45 703.2 2
130 687.82 619.79 1
131 493.72 151.81 1
132 583.67 58.2 2
133 542.76 2.04 4
134 605.18 756.11 3
135 14.83 620.67 2
136 774.5 48.38 3
137 430.08 94.4 4
138 58.01 475.25 4
139 785.01 176.21 2
140 642.63 864.02 7
141 64.23 357.73 7
142 904.58 941.4 7
143 115.57 484.15 4
144 471.37 252.85 5
145 999.83 267.67 1
146 329.1 42.16 5
147 505.64 635.76 6
148 240.8 693.76 5
149 993.75 642.29 5
150 286.36 284.91 1
151 525.8 512.65 7
152 753.53 580.74 6
153 202.96 696.31 5
154 654.43 331.19 6
155 25.52 331.01 4
156 17.27 823.62 1
157 220.91 492.77 6
158 518.94 733.57 4
159 292.21 727.31 2
160 405.2 177.18 5
161 218.68 702.98 3
162 716.92 620.02 5
163 993.04 822.97 7
164 80.34 640.91 1
165 256.96 829.94 6
166 28.28 847.2 4
167 841.76 68.1 2
168 454.51 587.03 2
169 924.54 42.75 7
170 200.36 447.94 5
171 761.09 830.13 4
172 997.99 547.05 6
173 979.14 703.6 6
174 656.59 783.93 2
175 828.74 204.4 3
176 495.41 232.67 7
177 822.17 237.95 2
178 805.21 855.97 7
179 521.82 944.02 1
180 292.76 307.9 6
181 77.36 68.98 7
182 891.97 230.48 7
183 326.59 209.61 4
184 584.18 29.71 7
185 809.71 858.44 3
186 865.17 353.84 5
187 931.35 339.52 5
188 65.63 308.25 4
189 113.97 830.06 7
190 205.05 122.81 7
191 907.59 363.69 1
192 440.26 419.17 3
193 683.48 745.76 3
194 793.82 493.45 2
195 688.07 303.15 1
196 786.72 331.83 7
197 281.55 263.18 7
198 177.84 492.32 7
199 930.09 606.28 1
200 953.4 811.32 3
201 121.08 882.43 7
202 521.26 486.2 7
203 151.91 169.67 4
204 319.2 127 4
205 352.68 815.07 3
206 408.12 601.78 2
207 980.91 46.84 4
208 56.73 224.67 2
209 440.8 318.27 7
210 818.43 435.19 7
211 482.39 556.26 6
212 673.55 241.03 1
213 283.88 556.45 6
214 639.95 875.65 2
215 652.99 228.32 7
216 132.68 799.95 4
217 107.72 944.37 4
218 345.93 1.1 7
219 912.93 605.41 5
220 249.72 587.35 6
221 724.87 69.74 2
222 918.91 743.28 2
223 762.67 27.15 2
224 776.09 830.62 3
225 80.02 647.12 2
226 199.02 943.31 7
227 83.3 51.03 3
228 177.94 396.95 7
229 497.23 473.4 3
230 298.31 886.63 5
231 371.05 611.49 7
232 327.09 693.92 4
233 524.15 456.58 3
234 277.65 232.66 7
235 906.8 476.19 7
236 927.78 675.2 2
237 912.22 922.02 1
238 677.51 99.95 5
239 770.93 597.17 7
240 469.75 895.48 1
241 755.92 430.04 2
242 275.33 757.12 5
243 538.02 444.78 1
244 154.9 722.43 7
245 602.38 792.74 4
246 860.5 720.51 2
247 61.92 632.72 1
248 641.4 473.75 7
249 617.82 244.67 3
250 231.16 714.42 7
251 894.64 633.85 5
252 169.6 909.17 3
253 302 610.71 7
254 890.96 929.12 4
255 876.1 531.49 5
256 173.9 555.5 4
257 473.93 780.93 4
258 695.98 422.32 1
259 17.96 40.14 4
260 100.63 434.81 4
261 78.77 492.96 5
262 650.47 662.55 3
263 142.8 128.06 7
264 916.38 19.02 6
265 739.43 895.11 4
266 191.68 232.52 2
267 527.96 869.96 4
268 496.95 565.93 5
269 103.2 747.41 6
270 117.63 848.03 7
271 846.48 90.32 1
272 372.68 740.78 1
273 971.57 883.57 6
274 181.16 963.46 4
275 483.38 702.88 2
276 317.09 58.08 1
277 869.81 586.03 7
278 39.93 246.49 3
279 795.89 513.2 2
280 755.5 630.82 1
281 149.91 640.81 7
282 37.27 13.49 6
283 914.22 148.57 7
284 919.22 329.73 1
285 943.23 976.62 4
286 189.38 293.7 1
287 831.56 327.02 5
288 343.69 366.95 7
289 585.27 326.35 3
290 574.25 81.85 2
291 574.78 395.27 1
292 829.13 432.54 2
293 987.78 510.27 7
294 193.5 429.48 5
295 362.68 372.7 6
296 561.78 725.59 5
297 655.42 557.14 7
298 498.61 900.82 2
299 751.79 486.09 2
300 518.17 223.85 2
301 915.36 798.62 3
302 953.35 791.27 4
303 331.87 779.04 5
304 858.95 972.53 2
305 715.75 498.73 3
306 712.68 60.5 7
307 166.83 879.43 2
308 948 541.55 5
309 259.62 293.34 5
310 897.59 811.5 4
311 617.4 890.37 1
312 896 7.23 6
313 607.12 339.09 7
314 992.03 198.03 3
315 806.4 77.29 2
316 993.47 953.49 3
317 69.63 283.83 2
318 866.45 231.82 7
319 564.08 654.96 3
320 911.31 716.06 6
321 482.38 496.98 3
322 15.59 392.97 7
323 503.58 163.6 2
324 770.6 155.62 5
325 337.19 962.02 5
326 238.97 119 6
327 364.77 352.14 1
328 533.51 382.1 2
329 243.79 109.69 5
330 247.41 20.99 7
331 226.03 666.89 1
332 258.54 845.99 2
333 298.27 513.09 1
334 677.08 283.68 7
335 417.44 620.86 6
336 235.09 23.35 6
337 6.21 551.63 1
338 224.68 85.13 2
339 674.97 328.91 1
340 943.72 739.83 7
341 928.53 129.38 3
342 410.31 387.91 6
343 285.05 849.69 3
344 486.91 526.76 5
345 844.38 944.2 6
346 490.9 342.8 7
347 256.41 349 5
348 537.57 737.2 4
349 200.83 412.16 4
350 973.78 355.87 6
351 931.23 447.92 6
352 719.08 858.22 3
353 516.43 143.27 2
354 663.35 793.69 4
355 420.98 638.06 6
356 799.46 292.47 1
357 364.81 548.87 6
358 645.29 86.43 1
359 10.9 450.78 6
360 868.93 588.07 5
361 630.3 519.29 1
362 521.05 401.88 6
363 963.21 918.3 6
364 255.06 745.16 1
365 237.18 166.13 4
366 327.01 965.59 7
367 759.63 493.91 7
368 541.24 139.19 6
369 223.57 313.6 4
370 318.04 346.04 4
371 95.42 139.86 3
372 157.19 660.9 3
373 77.18 787.62 5
374 303.94 206.19 1
375 324.39 443.36 5
376 146.4 933.88 1
377 260.88 693.5 2
378 87.73 398.26 1
379 1.01 621.82 1
380 528.58 103.37 2
381 807.73 198.79 1
382 606.16 519.49 2
383 806.46 596.66 7
384 252.1 64.12 3
385 279.37 388.5 3
386 636.28 698.41 7
387 958.78 959.28 2
388 938.69 47.01 4
389 221.31 211.53 2
390 981.05 903.63 2
391 86.82 711.35 7
392 332.44 317.51 3
393 402.47 287.48 2
394 423.63 539.57 3
395 650.98 982.45 5
396 321.69 618.73 4
397 89.79 741.02 6
398 714.9 843.22 2
399 574.75 228.05 4
400 383.44 209.09 5
401 295.5 459.42 5
402 733.38 955.37 1
403 527.23 357.83 2
404 244.77 944.97 7
405 862.9 595.95 7
406 33.04 917.63 4
407 65.1 170.93 5
408 56.44 885.82 7
409 258.3 624.08 3
410 835.21 7.52 3
411 315.73 466.53 1
412 671.12 199.91 2
413 507.53 890.65 7
414 631.42 135.41 1
415 458.39 998.3 6
416 431.32 194.85 1
417 186.5 423.46 4
418 682.68 479.9 5
419 185.6 738.19 7
420 80.08 573.39 3
421 183.64 52.64 4
422 910.13 723.75 6
423 428.46 394.8 7
424 631.65 26.21 6
425 616.29 648.11 3
426 360.38 242.94 2
427 22.1 429.43 6
428 18.25 275.63 5
429 63.74 624.74 4
430 733.31 704.82 6
431 573.9 888.45 3
432 881.02 798.58 1
433 388.04 390.55 5
434 785.7 22.2 2
435 482.28 638.48 6
436 340.67 162.37 2
437 557.42 184.46 2
438 34.11 366.23 2
439 154.2 593.48 2
440 176 326.78 2
441 934.71 64.2 7
442 746.04 945.21 2
443 444.64 333.25 7
444 538.03 282.46 3
445 821.14 764.74 7
446 752.35 268.92 4
447 90.02 826.34 5
448 184.15 23.96 3
449 553.9 178.15 5
450 548.38 517.67 2
451 411.2 452.37 5
452 325.98 198.4 1
453 39.33 806.56 6
454 306.74 344.58 7
455 759.87 165.72 6
456 14.98 918.06 3
457 268.94 171.59 7
458 34.4 519.25 6
459 2.55 73.14 4
460 727.7 621.52 3
461 943.15 32.71 3
462 59.26 522.2 3
463 284.1 561.52 2
464 5.7 31.77 4
465 9.76 791.63 7
466 942.06 806.61 4
467 143.28 239.06 7
468 170.83 273.45 5
469 385.85 439.52 2
470 942.54 330.73 1
471 16.88 273.87 6
472 707.11 496.65 7
473 595.73 944.26 2
474 454.42 949.96 6
475 657.68 959.71 1
476 26.66 901.76 7
477 477.21 208.56 6
478 262.86 542.9 4
479 567.76 928.75 7
480 945.8 34.8 6
481 108.86 51.67 5
482 468.15 758.77 6
483 349.62 518.01 7
484 956.13 135.94 3
485 594.4 793.62 1
486 187.81 820.27 4
487 914.87 460.99 1
488 717.46 723.84 3
489 120.53 455.12 5
490 963.12 564.43 2
491 136.43 836.8 5
492 583.6 468.46 2
493 690.94 981.6 7
494 742.53 937.72 5
495 907.59 695.63 3
496 32.35 46.95 5
497 222.38 961.81 1
498 784.49 842.78 3
499 889.49 963.31 3
500 86.75 926.42 6
501 318.8 226.36 7
502 766.03 973.47 5
503 299.07 664.4 6
504 186.6 570.44 2
505 373.58 478.02 5
506 517.69 510.36 2
507 482.06 896.26 5
508 907.41 844.26 7
509 220.11 733.74 6
510 987.93 984 2
511 483.68 466.31 7
512 816.23 395.85 2
513 617.24 694.92 6
514 563.35 45.03 2
515 447.18 582.12 6
516 353.66 99.8 7
517 307.09 581.85 3
518 385.85 489.25 1
519 470.9 872.87 6
520 519.25 860.79 6
521 657.53 344.47 4
522 22.16 324.21 3
523 523.77 941.44 3
524 689.78 504.79 2
525 426.23 115.48 2
526 804.21 632.65 3
527 692.54 939.74 4
528 640.65 325.58 1
529 596.52 959.99 3
530 449.65 479.23 7
531 286.76 136.75 6
532 590.18 322.42 1
533 452.96 9.7 3
534 10.65 699.48 2
535 449.84 125.7 5
536 634.66 93.42 2
537 82.79 785.95 2
538 949.24 590.11 7
539 468.45 186.63 2
540 24.04 799.79 4
541 276.9 86.54 2
542 201.26 840.23 2
543 449.83 293.18 7
544 803.35 303.82 6
545 825.17 917.17 4
546 962.46 715.34 6
547 895.91 798.12 2
548 769.1 747.35 5
549 131.37 379.31 3
550 290.11 403.35 2
551 255.1 843.76 5
552 356.84 208.54 5
553 944.5 821.88 7
554 541.86 625.22 4
555 2.21 613.9 2
556 588.25 576.35 4
557 431.22 472.25 6
558 60.14 241.34 1
559 442.68 372.71 1
560 11.84 826.33 6
561 544.3 244.94 1
562 163.29 601.77 4
563 786.03 546.27 3
564 701.95 251.64 2
565 921.68 253.85 7
566 222.09 842.09 1
567 401.36 436.83 2
568 378.75 496.96 6
569 267 939.63 2
570 534.55 114.98 4
571 532.49 822.79 1
572 374.18 986.07 1
573 587.92 772.1 6
574 623.53 474.04 2
575 611.39 559.23 6
576 49.62 781.31 3
577 64.19 346.19 4
578 878.04 724.93 2
579 96.75 991.92 3
580 688.16 689.98 3
581 432.93 222.46 5
582 259.12 760.15 4
583 850.59 511.58 5
584 151.84 298.62 7
585 704.72 910 7
586 674.97 959.61 4
587 487.3 187.31 5
588 899.97 65.35 2
589 809.59 325.61 2
590 822.35 13.77 1
591 950.08 610.21 3
592 64.11 869.32 7
593 164.2 883.42 6
594 199.91 198.77 5
595 873.16 67.01 5
596 105.64 741.97 7
597 282.94 229.26 7
598 969.94 292.74 7
599 218.34 102.32 3
600 622.17 924.66 2
601 715.97 38.25 7
602 195.75 102.35 1
603 435.68 266.54 2
604 350.7 466.44 7
605 564.33 339.6 2
606 687.96 608.75 2
607 934.72 55.2 4
608 368.78 25.13 2
609 31.7 406.98 4
610 20.22 29.14 3
611 186.03 908.62 6
612 962.04 267.89 3
613 770.88 703.56 3
614 626.66 217.77 6
615 844.73 782.09 7
616 966.27 633.57 5
617 993.3 568.28 5
618 413.09 937.05 2
619 125.62 968.74 2
620 103.97 988.95 4
621 843.46 338.49 2
622 784.7 300.52 4
623 828.29 234.92 1
624 138.41 25.09 5
625 78.48 869.81 2
626 521.67 999.6 6
627 573.59 992.89 7
628 680.71 569.49 4
629 976.46 858.62 1
630 679.19 962.59 5
631 411.04 969.56 5
632 215.03 917.77 2
633 450.42 746.05 4
634 389.36 47.97 1
635 546.06 126.45 1
636 811.89 811.63 2
637 547.75 385.21 6
638 15.41 65.91 2
639 256.58 205.89 7
640 793.53 885.07 2
641 155.9 459.62 2
642 20.27 838.17 5
643 348.68 288.58 4
644 912 677.94 1
645 336.89 387.51 6
646 795.1 199.39 4
647 252.9 910.66 7
648 867.1 926.06 2
649 214.3 346.15 4
650 420.12 139.67 2
651 915.56 459.08 1
652 380.55 642.87 5
653 763.31 991.54 6
654 55.63 903.54 7
655 559.43 403.94 3
656 353.2 362.55 3
657 795.06 778.96 1
658 785.65 809.57 7
659 5.67 23.86 7
660 431.56 607.5 5
661 906.04 523.05 2
662 840.13 903.6 4
663 775.9 830.42 3
664 163.76 886.04 5
665 229.56 608.98 4
666 846.38 962.17 2
667 826.1 920.75 1
668 716.48 706.39 1
669 532.9 875.57 2
670 858.99 470.65 5
671 324.75 376.68 1
672 413.1 380.32 2
673 980.79 319.73 7
674 703.53 483.48 3
675 493.33 713.03 5
676 687.05 559.4 6
677 406.84 549.02 6
678 905.57 265.49 7
679 213.87 961.9 7
680 709.54 984.41 6
681 812.7 309.15 1
682 438.9 722.24 1
683 132.22 866.54 4
684 819.46 733.58 6
685 392.74 226.9 1
686 738.51 913.95 2
687 46.44 320.78 1
688 438.64 389.86 6
689 700.74 603.72 5
690 838.4 313.25 7
691 446.71 125.94 2
692 595.2 728.36 1
693 287.53 24.09 2
694 463.09 843.54 6
695 958.61 399.79 7
696 330.68 138.29 5
697 425.66 348.25 6
698 233.17 786.88 4
699 142.64 487.61 5
700 341.04 326 1
701 360.33 936.22 3
702 852.27 694.94 6
703 66.45 145.98 7
704 310.67 609.06 1
705 288.47 567.67 3
706 656.69 61.86 1
707 938.84 651.03 1
708 705.29 884.19 7
709 861.59 190.34 2
710 785.12 531.37 4
711 21.9 55.21 1
712 548.14 907.48 2
713 966.24 137.44 3
714 571.95 448.1 5
715 21.19 900.09 5
716 33.73 556.77 5
717 184.56 495.6 2
718 683.63 364.4 7
719 969.57 225.98 5
720 906.63 11.1 3
721 169.69 196.51 6
722 532.48 908.16 1
723 590.2 37.92 7
724 793.89 609.86 3
725 770.15 794.56 7
726 314.08 828.28 1
727 83.37 12.84 5
728 503.69 859.98 5
729 971.7 829.55 7
730 630.05 899.69 5
731 983.28 232.89 7
732 391.71 765.36 4
733 871.14 519.07 4
734 324.47 476.47 3
735 389.42 246.62 2
736 517.97 724.21 1
737 366.8 807.57 2
738 711.23 311.25 7
739 583.57 282.95 7
740 681.88 76.51 1
741 954.81 59.78 7
742 424.24 615 2
743 965.34 486.13 1
744 544.36 974.12 4
745 733.22 527.05 2
746 880.16 208.54 7
747 18.89 575.33 7
748 333.97 450.07 3
749 345.5 33.63 7
750 513.62 715.51 3
751 581.42 670.31 5
752 882.1 258.06 6
753 111.66 223.39 4
754 23.81 767.74 6
755 412.42 664.48 3
756 374.68 708.15 4
757 897.62 727.03 7
758 391.64 60.99 4
759 196.91 570 5
760 612.16 247.13 4
761 940.39 828.54 6
762 655.43 874.16 3
763 985.47 149.33 1
764 965.15 336.65 7
765 918.94 912.58 1
766 399.77 287.25 4
767 89.14 184.86 7
768 517.35 740.02 4
769 395.62 100.44 6
770 471.04 712.6 7
771 261.96 816.5 3
772 50.22 471.93 2
773 96.53 620.91 7
774 366.23 586.05 4
775 567.18 504.98 2
776 596.12 904.74 5
777 333.2 993.87 5
778 797.3 674.73 7
779 649.42 70.35 4
780 71.53 704.9 3
781 740.77 130.38 2
782 565.59 180.59 1
783 264.55 277.12 5
784 276.36 806.86 7
785 624.82 537.55 1
786 885.85 133.66 3
787 597.64 466.85 2
788 494.29 427.66 7
789 130.95 77.07 4
790 31.57 148.59 2
791 644.77 52.88 1
792 74.47 618.46 6
793 139.61 46.52 2
794 825.65 322.88 5
795 97.73 947.69 3
796 38.3 997.05 7
797 883.61 594.68 7
798 722.78 252.49 4
799 563.71 383.43 6
800 474.99 578.51 3
801 91.16 223.28 2
802 837.7 461.26 2
803 928.34 600.87 6
804 296.1 590.03 3
805 634.22 851.28 5
806 509.89 889.57 6
807 682.72 936.69 7
808 322.4 822.98 6
809 389.72 386.69 7
810 534.11 861.67 1
811 154.12 952.82 6
812 663.48 954.03 4
813 118.33 882.36 6
814 456.17 341.97 2
815 443.93 976.19 6
816 379.36 649.59 7
817 475.36 332.3 2
818 166.03 654.69 2
819 272.7 44.41 6
820 762.79 742.03 7
821 994.91 896.14 2
822 450.3 723.13 7
823 530.47 841.45 3
824 375.01 461.13 6
825 809.58 905.05 4
826 258.94 447.93 6
827 761.39 923.28 7
828 200.52 252.82 1
829 462.62 525.51 2
830 111.41 288.29 6
831 621.85 446.72 3
832 412.15 60.53 2
833 156.46 590.99 1
834 783.13 129.52 7
835 915.29 102.61 2
836 187.14 361.55 6
837 108.58 286.45 6
838 525.83 486.96 3
839 597.76 949.57 7
840 877.62 224.49 2
841 63.01 9.86 1
842 308.06 422 7
843 439.74 578.45 2
844 412.87 525.1 4
845 847.12 603.9 5
846 349.93 791.03 2
847 300.67 63.12 1
848 338.19 588.94 6
849 792.05 350.22 5
850 607.88 227.83 2
851 39.04 454.35 3
852 916.91 925.92 7
853 691.79 365.66 7
854 384.69 778.52 4
855 43.58 789.15 7
856 968.59 139.07 3
857 418.67 603.25 1
858 155.18 104.96 3
859 378.65 897 2
860 715.2 668.39 6
861 439.75 870.95 7
862 174.16 787.85 4
863 330.55 643.15 7
864 392.43 27.83 2
865 815.88 234.92 5
866 6.74 203.51 4
867 988.63 622.17 3
868 33.63 777.34 4
869 831.08 319.5 5
870 978.75 198.21 6
871 517.75 801.48 7
872 511.1 975.63 6
873 757.41 469.69 2
874 369.36 862.12 1
875 923.35 841.51 6
876 266.47 848.25 4
877 748.66 836.87 4
878 997.62 34.01 4
879 515.04 865.08 2
880 929.46 843.82 2
881 175.78 525.09 3
882 293.04 199.7 5
883 361.66 957.1 3
884 909.91 326.46 5
885 649.51 413.32 2
886 624.02 679.78 4
887 965.55 428.44 3
888 92.76 589.57 7
889 997.3 104.6 2
890 384.86 34.05 3
891 134.15 209.82 1
892 521.38 666.37 4
893 47.76 28.03 5
894 207.34 101.45 3
895 229.03 914.47 6
896 92.22 538.48 1
897 967.18 667.54 1
898 842.51 760.29 5
899 915.37 757.59 2
900 689.78 305.96 3
901 635.04 440.1 6
902 268.91 961.48 5
903 938.95 172.75 7
904 729.6 380.08 1
905 10.23 609.1 6
906 704.16 864.83 2
907 77.87 995.52 1
908 43.53 1.55 7
909 435.23 916.91 1
910 95.05 770.2 6
911 788.91 568.75 5
912 19.62 837.65 5
913 753.18 940.11 3
914 678.28 669.71 3
915 868.35 679.93 5
916 972.88 384.08 4
917 615.88 625.47 2
918 89.94 668.99 3
919 324.29 104.22 2
920 479.73 362.78 7
921 104.65 315.2 7
922 6.15 334.81 4
923 196.15 251.51 5
924 558.9 93.3 4
925 465.23 961.64 7
926 980.66 934.51 5
927 687.95 713.91 6
928 390.75 967.36 1
929 258.62 455.16 5
930 43.38 98.41 4
931 761.86 203.05 2
932 212.6 372.71 7
933 664.5 732.38 5
934 892.99 291.27 7
935 954.7 756.49 3
936 859.85 900.66 7
937 149.08 588.6 3
938 227.28 979.35 5
939 810.95 237.96 5
940 825.87 444.85 5
941 203.56 370.22 7
942 59.96 582.81 4
943 251.17 247.31 1
944 857.39 303.81 1
945 556.91 422.03 2
946 218.07 281.87 3
947 140.77 430.94 5
948 777.37 821.74 4
949 381.32 632.68 7
950 603.95 622.07 2
951 924.98 825.62 6
952 612.58 885.58 4
953 672.88 300.26 5
954 465.55 157.64 6
955 713 714.55 7
956 880.45 96.13 7
957 112.08 236.89 7
958 932.31 177.77 7
959 895.39 559.08 5
960 259.95 326.55 4
961 69.35 415.04 5
962 412.48 27.61 3
963 338.42 700.48 4
964 675.18 329.54 2
965 479.27 206.05 2
966 541.85 250.02 5
967 49.82 362.09 3
968 152.25 294.39 5
969 76.4 353.3 1
970 633.23 613.24 4
971 975.64 846.1 1
972 307.19 422.09 2
973 524.3 924.03 3
974 205.19 762.72 2
975 43.71 241.98 1
976 923.81 947.35 1
977 900.03 997.16 1
978 276.65 312.92 3
979 831.03 389.32 4
980 108 186.06 4
981 711.52 161.7 7
982 730.07 468.88 6
983 776.22 156.69 3
984 849.89 361.87 2
985 253.1 405.57 5
986 25.87 329.37 1
987 48.65 392.91 6
988 597.03 669.55 4
989 439.8 500.57 1
990 635.86 608.57 6
991 608.67 320.08 5
992 427.57 213.66 3
993 832.08 153.39 2
994 160.6 3.28 5
995 88.32 419.89 2
996 585.06 609.27 3
997 865.61 821.43 3
998 470.36 418.45 6
999 224.51 858.25 5
1000 531.48 657.62 4
1001 24.51 266.29 2
1002 842.75 857.37 1
1003 129.86 689.44 6
1004 573.66 850.04 1
1005 542.84 101.87 3
1006 917.58 686.92 7
1007 785.21 716.05 2
1008 45.75 186.4 6
1009 139.35 574.42 4
1010 733.51 269.42 6
1011 99.76 293.92 2
1012 949.59 136.67 6
1013 13.08 266.52 1
1014 229.95 3.69 3
1015 613.61 546.52 6
1016 417.15 627.62 2
1017 993.47 412.82 4
1018 391.21 622.08 6
1019 370.91 924.94 6
1020 372.38 658.45 3
1021 31.46 921.72 7
1022 120.34 871.3 5
1023 66.58 884.37 3
1024 865.78 114.31 2
1025 515.01 727.91 5
1026 429.63 308.57 6
1027 358.2 302.03 4
1028 839.29 856.75 1
1029 833.81 391.18 7
1030 402.75 763.55 5
1031 241.1 958.52 5
1032 536.89 78.85 5
1033 969.33 145.42 6
1034 831.81 174.72 4
1035 861.5 689.72 4
1036 437.7 282.86 3
1037 641.51 641.05 1
1038 421.65 643.85 3
1039 987.39 477.66 2
1040 478.07 43.92 7
1041 954.22 448.54 4
1042 188.57 985.42 4
1043 457.73 118.26 7
1044 774.77 113.59 5
1045 206.12 975.08 7
1046 528.9 412.77 6
1047 323.76 54.27 2
1048 420.64 475.91 4
1049 537.79 463.3 7
1050 46.11 104.88 2
1051 317.97 59.09 2
1052 711.86 411.17 5
1053 184.59 32.41 1
1054 966.26 970.7 7
1055 86.15 176.81 1
1056 895.76 869.22 6
1057 988.23 192.97 6
1058 885.26 777.13 3
1059 426.13 314.91 5
1060 608.18 361.02 3
1061 834.14 842.5 3
1062 672.15 717.88 5
1063 659.09 902.46 6
1064 764.28 32.23 6
1065 146.58 281.9 1
1066 340.42 177.65 3
1067 110.55 165.87 4
1068 934.93 51.12 3
1069 235.22 477.25 5
1070 325.84 85.42 5
1071 521.33 83.07 2
1072 939.43 918.73 1
1073 768.69 741.33 5
1074 793.87 669.12 1
1075 789.75 815.69 6
1076 125.95 319.63 3
1077 494.88 430.17 4
1078 220.3 365.09 3
1079 722.84 763.83 1
1080 540.29 253.18 6
1081 882.26 774.51 3
1082 230.25 713.93 7
1083 296.11 646.13 2
1084 264.43 603.51 7
1085 592.01 556.77 4
1086 37.96 846.23 7
1087 825.07 341.11 5
1088 778.05 561.4 4
1089 945.67 447.76 5
1090 590.52 988.04 1
1091 484.31 33.81 2
1092 624.67 264.06 3
1093 847.28 560.16 6
1094 811.2 988.1 5
1095 607.76 580.1 7
1096 56.49 781.57 2
1097 988.35 770.16 1
1098 350.38 548.2 7
1099 241.01 657.38 7
1100 58.98 247.9 5
1101 130.12 895.72 2
1102 139.29 520.38 2
1103 862.37 531.17 6
1104 558.62 505.89 1
1105 694.85 113.64 2
1106 714.88 170.12 4
1107 417.62 321.99 2
1108 788.5 835.88 5
1109 720.78 240.4 4
1110 100.8 462.89 5
1111 632.38 593 2
1112 361.28 895.8 2
1113 190.71 758.17 6
1114 907.33 316.78 5
1115 448.53 175.14 5
1116 896.87 890.01 2
1117 126.77 471.15 6
1118 126.82 259.64 3
1119 838.58 143.93 1
1120 207.72 408.25 2
1121 824.75 204.14 4
1122 501.01 565.41 3
1123 697.65 756.11 5
1124 588.97 663.43 2
1125 986.17 275.48 3
1126 497 172.34 7
1127 177.95 462.62 2
1128 507.92 589.43 5
1129 510.24 428 2
1130 916.47 635.72 4
1131 785.58 623.98 3
1132 247.69 124.99 5
1133 769.11 822.63 2
1134 48.69 575.11 7
1135 972.08 561.27 5
1136 70.6 58.26 1
1137 386.16 399.73 5
1138 9.35 907.64 2
1139 219.21 581.4 5
1140 572.99 661.38 5
1141 335.02 446.96 1
1142 301.17 694.64 5
1143 996.25 627.26 3
1144 447.42 839.46 7
1145 725.54 811.53 5
1146 442.65 45.64 4
1147 495.61 431.79 6
1148 11.18 604.65 2
1149 116.17 823.85 7
1150 812.68 560.36 3
1151 144.89 58.89 6
1152 101.08 523.57 3
1153 182.25 519.81 1
1154 249.56 130.75 6
1155 55.49 856.28 1
1156 422.68 462.45 4
1157 848.13 958.05 6
1158 0.33 969.23 3
1159 60.17 248.91 3
1160 701.4 61.58 4
1161 167.53 369.99 6
1162 80.6 471.06 1
1163 851.83 816.83 5
1164 250.3 229.9 6
1165 651.75 285.39 1
1166 864.71 708.06 2
1167 123.31 719.7 5
1168 977.21 720.03 1
1169 435.75 780.19 6
1170 881.66 645.11 7
1171 51.44 976.15 7
1172 280.1 56.74 6
1173 195.85 72.08 7
1174 631.4 322.38 5
1175 197.69 137.64 3
1176 783.77 2.34 5
1177 995.82 289.16 2
1178 165.91 266.36 1
1179 468.74 865.63 5
1180 20.47 910.8 5
1181 960.82 962.24 3
1182 107.63 405.85 1
1183 889.02 601.69 7
1184 487.22 233.08 7
1185 315.32 594.28 6
1186 428.8 541.57 5
1187 413.86 537.38 2
1188 282.13 703.28 1
1189 33.94 335.53 4
1190 729.45 519.51 3
1191 70.07 480.33 5
1192 386.82 587.95 3
1193 923.83 640.48 6
1194 696.44 127.7 3
1195 791.41 443.01 7
1196 24.02 871.81 4
1197 422.48 449.18 6
1198 110.09 894.82 6
1199 227.58 92.27 4
1200 210.69 821.71 4
1201 268.12 891.77 2
1202 451.29 442.11 6
1203 876.79 529.45 7
1204 67.5 225.88 1
1205 654.8 17.29 4
1206 836.37 204.82 3
1207 559.51 627.29 4
1208 983.53 737.37 2
1209 110.83 964.95 6
1210 737.16 339.15 3
1211 883 607.26 7
1212 509.16 58.55 2
1213 50.31 98.85 6
1214 68.41 329.86 6
1215 214.2 984.65 7
1216 802.99 984.54 1
1217 427.11 544.04 3
1218 663.91 691.08 6
1219 959.05 965.42 5
1220 182.92 702.58 5
1221 392.02 749.09 6
1222 656.41 421.77 4
1223 362.89 472.07 6
1224 762.34 540.47 7
1225 387.67 918.18 3
1226 193.79 721.16 7
1227 204.73 311.78 3
1228 6.46 139.21 2
1229 545.56 98.25 6
1230 49.6 444.68 4
1231 56.31 0.22 6
1232 833.79 656.62 1
1233 833.33 183.02 6
1234 931.71 108.88 2
1235 523.47 496.54 5
1236 263.4 853.84 2
1237 987.85 222.08 4
1238 419.86 228.54 6
1239 706.46 937.61 6
1240 958.47 987.21 4
1241 913.06 207.03 1
1242 780.25 40.81 1
1243 69.2 37.65 1
1244 993.73 969.35 1
1245 622.24 656.34 7
1246 5.4 919.73 2
1247 436.75 907.57 2
1248 179.88 490.94 1
1249 225.73 360.91 2
1250 369.82 319.38 1
1251 122.11 232.43 2
1252 874.6 176.19 6
1253 283.71 408.9 2
1254 39.35 402.62 1
1255 903.86 188.37 1
1256 428.42 193.76 3
1257 970.33 794.02 4
1258 734.32 973.9 1
1259 890.36 199.62 7
1260 147.53 732.96 4
1261 391.89 18.58 4
1262 6.8 893.17 3
1263 662.5 340.39 6
1264 519.37 379.73 2
1265 345.58 447.1 6
1266 991.64 875.51 6
1267 393.9 845.84 4
1268 30.76 580.15 7
1269 322.08 634.03 6
1270 974.31 945.07 5
1271 945.9 336.95 7
1272 313.44 343.74 4
1273 857.15 169.76 5
1274 973.28 689.12 2
1275 655.53 198.21 1
1276 526.15 189.84 1
1277 754.03 747.25 4
1278 775.93 778 7
1279 771.72 263.6 4
1280 294.17 237.9 3
1281 549.56 183.79 3
1282 823.53 497.22 4
1283 154.18 517.89 6
1284 825.21 654.68 6
1285 39.49 310.2 6
1286 700.87 999.86 2
1287 237.75 753.89 5
1288 783.98 529.81 1
1289 910.35 465.05 3
1290 997.79 759.21 2
1291 866.76 472.28 6
1292 399.72 459.32 1
1293 276.42 613.49 7
1294 322.86 602.22 2
1295 221.94 805.22 4
1296 482.73 506.08 6
1297 933.36 907.34 1
1298 131.22 691.31 1
1299 434.12 765.18 7
1300 837.09 762.96 7
1301 641.47 793.23 7
1302 793.16 192.95 2
1303 442.06 469.36 7
1304 935.88 955.73 6
1305 84.37 177.66 1
1306 543.05 823.91 3
1307 165.11 757.26 3
1308 541.05 51.99 4
1309 610.32 486.11 2
1310 144.62 486.71 6
1311 601.65 291.7 6
1312 530.95 84.85 3
1313 919.56 690.42 5
1314 248.7 626.29 6
1315 16.53 710.65 1
1316 916.62 417.21 4
1317 322.78 582.32 7
1318 636.27 286.88 3
1319 804.59 60.71 1
1320 738.08 205.33 5
1321 434.52 970.49 6
1322 924.19 664.95 2
1323 770.31 748.02 3
1324 249.31 996.72 5
1325 520.51 176.76 5
1326 132.88 93.37 5
1327 732.68 579.66 7
1328 89.72 215.93 6
1329 498.75 184.03 7
1330 557.4 922.11 1
1331 266.28 520.14 7
1332 103.32 607.84 5
1333 188.73 378.15 6
1334 964.54 627.45 7
1335 530.16 311.47 7
1336 806.41 607.86 7
1337 336.35 340.53 4
1338 775.64 430.25 4
1339 338.29 928.99 3
1340 125.16 649.91 1
1341 280.87 916.18 6
1342 407.06 183.01 5
1343 361.71 535.25 7
1344 64.37 663.31 5
1345 927.27 356.98 4
1346 966.92 163.38 7
1347 263.45 663.25 7
1348 139.64 438.88 5
1349 558.79 940.68 1
1350 998.45 229.35 1
1351 523.72 510.21 3
1352 569.13 80.78 5
1353 222.38 442.48 4
1354 417.28 506.85 3
1355 403.15 597.63 7
1356 700.47 564.54 4
1357 769.17 991.5 4
1358 14.88 294.66 4
1359 854.34 853.44 3
1360 622.79 15.4 5
1361 368.18 539.12 6
1362 29.74 271.76 2
1363 37.83 494.13 7
1364 581.16 74.93 5
1365 114.83 478.07 7
1366 841.95 342.05 7
1367 895.96 111.22 5
1368 613.22 289.61 1
1369 769.35 143.94 3
1370 29.67 930.25 3
1371 519.34 298.42 3
1372 519.22 491.68 3
1373 763.39 529.5 7
1374 450.03 274.17 6
1375 807.04 388.99 1
1376 761.66 394.45 2
1377 444.34 290.4 2
1378 282.03 67.13 7
1379 414.37 836.47 4
1380 400.14 29.66 6
1381 401.31 548.99 6
1382 105.11 231.72 7
1383 244.19 995.1 4
1384 877.39 608.65 5
1385 585.51 415.68 3
1386 98.73 340.85 6
1387 953.99 785.18 7
1388 83.99 67.2 1
1389 503.58 481.56 7
1390 394.15 45.22 1
1391 214.96 610.04 6
1392 497.71 878.67 3
1393 272.12 122.85 1
1394 739.55 0.23 1
1395 317.61 749.25 3
1396 448.18 847.97 2
1397 136.7 965.47 1
1398 115.62 49.45 6
1399 161.67 716.55 1
1400 44.18 110.69 5
1401 119.86 489.17 3
1402 908.04 986.87 1
1403 927.94 422.5 2
1404 942.94 162.04 3
1405 730.09 643.17 4
1406 96.44 91.34 1
1407 640.11 228.03 4
1408 295.99 507.17 2
1409 19.07 668.83 3
1410 387.23 876.52 5
1411 800.59 996.37 7
1412 823.99 904.4 5
1413 889.57 832.34 6
1414 914.47 938.79 7
1415 266.63 832.39 3
1416 204.51 928.82 3
1417 153.87 732.44 6
1418 232.22 191.95 3
1419 196.49 211.01 2
1420 204.34 598.23 7
1421 322.87 562.34 2
1422 94.09 549.84 6
1423 852.16 439.41 6
1424 196.25 517.39 7
1425 865.9 784.02 3
1426 15.18 152.04 5
1427 582.84 469.43 2
1428 378.52 701.64 7
1429 844.88 61.64 2
1430 980.06 265.97 3
1431 828.23 588.83 6
1432 999.8 846.43 4
1433 75.76 698.59 3
1434 147.58 58.35 6
1435 321.69 87.76 3
1436 491.71 266.46 6
1437 754.07 849.29 5
1438 748.86 391.32 7
1439 99.11 236.19 2
1440 660.36 216.24 6
1441 983.36 207.98 1
1442 32.21 371.29 4
1443 467.38 447.04 2
1444 668.98 758.13 7
1445 224.45 243.34 6
1446 890.97 898.56 3
1447 709.53 652.62 5
1448 997.5 564.99 5
1449 987.11 664.09 1
1450 201.86 487.97 1
1451 682.58 471.32 2
1452 915.64 667.05 5
1453 995.12 134.42 7
1454 936.71 803.39 5
1455 100.16 191.36 2
1456 351.36 82.32 3
1457 869.02 955.36 2
1458 235.95 952.86 4
1459 157.72 103.48 2
1460 479.18 305.33 1
1461 16.88 987.9 1
1462 89.58 903.53 6
1463 370.05 898.65 4
1464 261.07 998.87 4
1465 237.25 99.02 3
1466 293.25 450.37 3
1467 411.32 319.38 6
1468 182 718.85 4
1469 681.19 876.56 1
1470 844.47 355.73 6
1471 659.22 536.12 5
1472 108.81 625.7 2
1473 61.92 995.74 2
1474 476.48 420.32 2
1475 694.43 657.56 6
1476 267.24 114.32 3
1477 85.89 689.15 7
1478 859.9 34.67 2
1479 750.27 715.85 3
1480 744.12 723.83 3
1481 879.77 546.57 4
1482 166.83 655.37 4
1483 520.94 717.29 6
1484 773.69 357.28 2
1485 25.3 51.7 3
1486 539.44 482.46 3
1487 340.43 568.34 2
1488 787.83 591.75 1
1489 954.07 505.54 1
1490 996.86 249.65 2
1491 722.41 129.41 6
1492 820.56 459.75 4
1493 707.92 144.21 5
1494 754.53 917.89 5
1495 384.97 106.71 7
1496 672.97 646.14 7
1497 402.32 150.08 5
1498 657.29 937.9 3
1499 110.45 55.48 6
1500 279.45 215.85 1
1501 335.79 938.26 5
1502 102.22 758.81 1
1503 360.49 630.25 5
1504 499.56 384.77 2
1505 159.42 769.74 1
1506 870.98 606.22 3
1507 64.99 8.53 7
1508 990.86 829.33 1
1509 671.99 939.77 3
1510 858.65 382.73 3
1511 294.95 882.04 3
1512 24.17 984.25 4
1513 213.13 508.25 1
1514 709.82 171.32 4
1515 287.91 330.73 4
1516 972.7 201.71 5
1517 303.62 430.21 5
1518 784.62 584.58 1
1519 367.04 256.56 2
1520 4.93 115.2 3
1521 858.66 573.66 6
1522 650.65 597.82 6
1523 364.96 974.47 1
1524 873.03 684.28 7
1525 602.34 135.7 5
1526 428.43 108.39 6
1527 697.2 412 3
1528 301.54 360.14 3
1529 571.68 727.17 6
1530 108.62 732.09 1
1531 28.29 754.26 2
1532 829.99 568.42 2
1533 779.45 96.89 1
1534 400.67 969.91 1
1535 29.68 572.25 3
1536 152.94 164.19 3
1537 641.41 861.38 1
1538 723.61 326.43 3
1539 226.87 898.1 7
1540 313.72 170.24 4
1541 515.76 198.52 3
1542 291.46 192.03 3
1543 664.98 971.47 3
1544 12.95 535.66 5
1545 372.24 565.33 2
1546 703.69 881.78 5
1547 470.57 686.71 2
1548 649.44 410.31 6
1549 188.44 800.69 6
1550 454.6 114.4 5
1551 779.88 630.16 3
1552 859.41 921.61 6
1553 507.36 750.1 3
1554 415.72 926.57 2
1555 293.98 298.8 2
1556 744.48 166 2
1557 522.68 636.56 4
1558 325.77 285.99 1
1559 455.29 474.42 6
1560 646.43 92.53 5
1561 844.27 872.4 2
1562 567.67 895.33 2
1563 319.57 402.68 2
1564 206.46 981.91 5
1565 628.99 275.88 3
1566 780.37 183.87 1
1567 813.53 870.06 5
1568 533.38 195.83 6
1569 827.06 814.63 4
1570 757.91 461.05 5
1571 966.67 468.84 3
1572 805.58 36.5 1
1573 566.09 356.07 6
1574 240.22 726.04 1
1575 4.43 355.02 5
1576 67.43 135.39 2
1577 296.43 112.43 4
1578 325.5 645.8 5
1579 804.07 472.86 3
1580 757.06 394.28 5
1581 966.1 360.94 5
1582 211.05 166.51 1
1583 187.8 896.11 1
1584 894.26 299.85 4
1585 582.63 304.27 4
1586 546.88 535.22 5
1587 694.99 831.64 2
1588 876.67 320.65 5
1589 417.7 124.71 7
1590 773.35 45.29 7
1591 590.04 174.9 4
1592 39.09 385.94 2
1593 524.63 737.25 4
1594 529.75 795.02 1
1595 260.9 377.65 6
1596 347.06 924.52 4
1597 732.13 783.02 1
1598 229.61 823.2 3
1599 536.41 240.89 4
1600 479.58 177.75 1
1601 817.02 931.31 3
1602 678.91 970.39 5
1603 707.3 658.53 5
1604 795.32 188.27 2
1605 183.17 449.16 7
1606 202.33 959.73 4
1607 593.18 855.37 4
1608 142.7 84.98 5
1609 849.34 784.9 2
1610 7.73 264.48 2
1611 374.91 245.01 2
1612 916.99 923.92 4
1613 8.51 631.21 3
1614 0.8 590.04 2
1615 788.1 936.73 4
1616 116.56 139.05 4
1617 369.53 895.75 5
1618 405.51 38.44 3
1619 428.2 51.3 5
1620 691.78 222.54 7
1621 296.63 597.44 3
1622 669.25 514.42 2
1623 339.3 522.93 3
1624 667.86 687.24 6
1625 184.69 475.33 1
1626 477.7 591.88 3
1627 730.44 961.4 2
1628 838.55 530.42 1
1629 31.62 958.61 5
1630 173.11 650.39 6
1631 742.59 947.01 5
1632 393.56 779.77 1
1633 131.95 282.58 4
1634 665.07 950.44 5
1635 788.23 135.12 4
1636 11.62 612.81 1
1637 374.06 506.77 6
1638 795.76 345.31 6
1639 255.9 540.44 1
1640 767.32 713.55 1
1641 664.8 619.65 1
1642 159.71 176.72 7
1643 169.03 472.19 3
1644 864.8 137.25 2
1645 247.79 88.99 4
1646 269.63 100.61 5
1647 46.85 638.18 2
1648 785.47 433.94 6
1649 381.53 689.83 4
1650 772.68 620.66 4
1651 141.25 285.45 5
1652 456.82 608.67 2
1653 715.68 777.7 7
1654 257.11 642.49 6
1655 912.49 890.27 6
1656 702.98 323.41 6
1657 269.79 370.26 1
1658 343.37 319.24 3
1659 925.76 700.76 2
1660 885.07 636.96 4
1661 721.44 778.2 3
1662 340.98 398.54 4
1663 137.23 114.21 5
1664 242.14 534.83 6
1665 811.33 610.83 2
1666 469.51 313.8 5
1667 391.81 747.1 3
1668 115.81 90.46 4
1669 273.73 179.74 4
1670 285 64.8 7
1671 916.92 949.76 3
1672 997.8 290.73 1
1673 687.35 427.95 1
1674 154.59 833.6 5
1675 427.83 808.44 7
1676 754.86 277.95 3
1677 405.29 833.27 2
1678 425.97 112.59 7
1679 929.4 386.32 1
1680 970.06 834.83 6
1681 811.2 751.74 7
1682 594.05 913.05 4
1683 775.43 600.4 5
1684 71.01 918.5 7
1685 64.93 346.33 2
1686 669.67 264.7 6
1687 588.2 833.5 5
1688 417.34 259.46 2
1689 500.46 352.37 2
1690 599.79 485.94 5
1691 90.96 460.65 7
1692 531.87 54.69 6
1693 263.51 830.11 6
1694 750.12 901.11 6
1695 70.33 129.55 6
1696 362.49 799.21 6
1697 932.59 550.92 3
1698 499.47 131.78 4
1699 178.94 632.23 5
1700 408.24 395.54 7
1701 472.36 486.49 4
1702 451.73 18.35 3
1703 344.15 445.37 2
1704 0.47 195.49 1
1705 411.77 429.33 6
1706 496.43 791.81 5
1707 845.78 887.91 4
1708 28.62 387.37 4
1709 797.95 566.31 1
1710 756.12 138.06 4
1711 200.23 773.94 1
1712 104.98 225.66 7
1713 227.93 733.32 5
1714 180.99 733.79 4
1715 362.2 309.07 3
1716 509.43 805.5 5
1717 619.38 814.79 2
1718 443.77 6.93 3
1719 399.93 804.87 4
1720 151.84 560.99 1
1721 299.27 924.73 2
1722 933.19 29.7 1
1723 912.49 421.14 7
1724 337.15 765.65 2
1725 957.3 127.84 5
1726 170.28 637.26 1
1727 338.59 420.15 3
1728 394.79 863.92 4
1729 1.88 427.36 5
1730 175.27 579.19 7
1731 650.24 878.46 5
1732 899.13 975.16 7
1733 700.72 887.64 1
1734 72.11 224.78 1
1735 504.31 345.59 5
1736 245.58 515.87 6
1737 955.86 17.97 2
1738 480.93 576.27 5
1739 12.91 578.15 6
1740 513.28 916.93 5
1741 574.63 730.68 4
1742 724.22 793.33 2
1743 903.5 494.04 5
1744 503.92 729.66 6
1745 33.49 233.97 5
1746 854.42 479.54 1
1747 312.59 598.92 6
1748 190.91 79.84 3
1749 96.66 256.26 6
1750 429.77 933.06 5
1751 342.06 507.68 1
1752 296.32 231.9 2
1753 62.21 135.39 1
1754 879.25 802.82 1
1755 921.06 999.83 3
1756 471.98 854.24 1
1757 538.76 166.82 7
1758 623.5 521.25 2
1759 611.55 617.9 4
1760 14.21 211.18 6
1761 497.32 716.75 5
1762 874.63 13.06 6
1763 881.73 238.78 4
1764 382.87 118.02 1
1765 777.19 202.6 3
1766 405.46 674.57 4
1767 676.79 213.33 6
1768 547.03 0.34 7
1769 660.62 775.4 4
1770 30.47 789.61 3
1771 333.36 450.44 6
1772 470.97 325.06 4
1773 676.95 370.31 1
1774 345.36 916.69 1
1775 980.1 693.87 4
1776 614.66 262.85 3
1777 103.45 939.63 6
1778 922.57 650.18 2
1779 262.94 310.79 2
1780 384.72 504.77 1
1781 717.67 1.65 5
1782 767.37 472.61 5
1783 993.65 313.08 3
1784 458.7 821.95 4
1785 205.28 802.04 3
1786 317.98 416.69 4
1787 105.24 683.65 4
1788 432.86 606.21 4
1789 760.81 32.66 2
1790 27.68 417.37 1
1791 84.15 135.04 5
1792 754.58 902.4 7
1793 750.06 896.04 6
1794 279.36 518.25 2
1795 561.82 723.53 7
1796 701.67 41.5 2
1797 104.36 310.25 4
1798 610.2 743.1 7
1799 766.2 667.42 5
1800 396.51 695.1 2
1801 531.59 942.76 4
1802 831.82 697.33 5
1803 604.66 610.9 7
1804 854.09 890.25 5
1805 925.46 452.07 5
1806 798.86 317.25 7
1807 252.46 421.61 6
1808 553.22 195.32 7
1809 623.71 961.51 4
1810 563.33 358.02 2
1811 247.35 53.12 3
1812 902.89 884.93 6
1813 787.86 653.11 5
1814 568.86 507.19 5
1815 868.11 432.65 2
1816 54.4 395.02 5
1817 445.7 647.48 7
1818 147.24 364.21 5
1819 755.39 987.91 7
1820 194.48 714.75 1
1821 328.65 962.1 1
1822 569.1 28.5 1
1823 670.4 816.35 1
1824 219.07 548.72 2
1825 821.5 580.35 1
1826 39.52 798.26 7
1827 411.26 243.96 6
1828 531.64 554.71 6
1829 683.81 473.62 3
1830 124.52 668.09 7
1831 923.25 160.25 2
1832 938.6 892.87 5
1833 838.88 563.26 2
1834 555.78 782.32 7
1835 779.87 767.33 4
1836 600.11 806.84 7
1837 651.85 381.61 7
1838 678.1 913.24 4
1839 68.56 760.56 1
1840 610.44 885.08 7
1841 867.06 971.84 2
1842 249.3 910.43 3
1843 823.54 749.31 6
1844 214.13 468.6 6
1845 316.95 248.46 1
1846 163.63 848.57 1
1847 645.04 663.93 7
1848 533.93 342.03 7
1849 141.04 574.1 3
1850 221.76 184.53 2
1851 970.56 215.1 5
1852 43.12 627.91 3
1853 172.07 451.45 2
1854 700.74 829.09 2
1855 338.77 309.55 1
1856 744.12 473.17 3
1857 956.3 281.72 1
1858 550.09 979.16 3
1859 220.64 120.19 2
1860 815.26 341.94 2
1861 294.95 476.01 2
1862 746.47 682.65 3
1863 271.93 854.71 6
1864 710.22 718.96 1
1865 617.1 57.72 4
1866 772.43 801.83 6
1867 776.33 758.13 6
1868 771.19 471.73 1
1869 944.55 855.88 3
1870 19.04 671.13 1
1871 278.05 129.59 6
1872 915.67 876.05 2
1873 181.2 311.5 3
1874 898.17 21.71 4
1875 607.74 802.32 6
1876 790.37 574.74 5
1877 446.16 514.58 2
1878 547.19 285.76 3
1879 627.37 393.82 3
1880 827.73 412.85 6
1881 697.07 854.41 4
1882 42.42 770.08 6
1883 70.4 951.27 7
1884 116.61 12.96 1
1885 881.77 784.21 1
1886 868.16 574.58 1
1887 656.38 184.25 7
1888 529.76 731.43 5
1889 874.87 358.79 4
1890 75.85 186.52 5
1891 111.47 47.1 5
1892 276.68 89.51 5
1893 481.46 323.43 7
1894 997.72 440.03 1
1895 862.73 485.31 2
1896 530.04 516.98 2
1897 608.57 336.88 6
1898 365.2 866.63 2
1899 407.58 741.49 6
1900 7.29 817.33 3
1901 19.85 928.8 7
1902 723.3 368.99 4
1903 523.85 850.44 4
1904 275.67 11.68 5
1905 203.96 874.4 3
1906 916.46 404.43 4
1907 530.56 176.52 3
1908 165.39 705.23 6
1909 531.65 276.32 5
1910 420.21 283.6 2
1911 495.28 303.45 3
1912 780.96 190.26 5
1913 156.15 714.1 6
1914 854.76 989.77 6
1915 156.91 193.72 4
1916 107.88 273.69 3
1917 575.83 804.25 6
1918 380.64 133.15 6
1919 215.6 664.79 4
1920 628.53 248.51 2
1921 22.3 907.3 6
1922 508.38 688.26 2
1923 363.44 844.4 6
1924 232.46 862.68 2
1925 949.63 19.58 4
1926 704.71 127.46 3
1927 864.22 866.8 4
1928 363.75 410.95 1
1929 568.51 626.55 1
1930 213.09 418.59 2
1931 977.75 604.4 6
1932 372.89 276.29 5
1933 794.76 803.24 5
1934 94.25 35.7 3
1935 383.49 985.32 3
1936 193.49 690.03 4
1937 277.18 717.76 2
1938 165.1 245.02 2
1939 349.69 977.04 4
1940 362.59 190.13 6
1941 623.99 331.39 4
1942 792.68 704.28 3
1943 813.15 662.55 5
1944 678.01 756.79 7
1945 569.06 303.8 4
1946 479.68 497.28 6
1947 517.76 937.97 2
1948 749.66 266.59 4
1949 392.51 616.27 1
1950 661.9 142.37 4
1951 513.39 929.87 7
1952 132.79 886.07 5
1953 28.47 699.21 1
1954 563.87 540.73 2
1955 298.47 273.3 6
1956 181.91 752.97 5
1957 918.89 434.24 2
1958 373.62 183.9 7
1959 236.89 576.4 4
1960 77.19 401.82 6
1961 271.13 915.2 7
1962 959.97 211.51 4
1963 353.09 239.97 7
1964 572.27 967.35 6
1965 548.23 429.34 3
1966 991.51 611.24 5
1967 932.06 530.13 1
1968 974.09 67.26 3
1969 119.19 304.14 7
1970 207.59 544.84 6
1971 438.35 979.48 5
1972 435.46 939.45 6
1973 482.15 456.05 2
1974 391.56 191.83 4
1975 841.69 740.05 3
1976 728.63 895.07 7
1977 205.02 990.64 1
1978 279.16 964.73 7
1979 537.19 247.43 4
1980 535.13 455.01 4
1981 934.89 893.35 5
1982 249.84 492.33 4
1983 939.81 137.99 5
1984 869.74 693.07 1
1985 603.5 698.27 6
1986 930.11 426.9 3
1987 867.96 795.43 3
1988 499.44 74.58 4
1989 361.7 775.28 1
1990 364.58 310.4 7
1991 75.81 408.8 6
1992 930.03 658.63 3
1993 723.7 761.95 6
1994 300.44 631.69 6
1995 905.49 398.7 6
1996 414.1 328.81 2
1997 981.29 360.28 3
1998 375.6 23.23 7
1999 61.67 384.93 2
2000 831.64 913.02 2
