100
2000
1 5000 5000
2 4134.8 8863.3 3
3 8882.9 5999.5 1
4 5708.3 2644.5 1
5 1831.9 1857.1 1
6 7403 174.7 6
7 3385.1 5749.3 2
8 1135.6 8597.8 5
9 6418.1 4514.2 3
10 3225.8 3056.3 6
11 4531.5 4761.7 3
12 3318.1 8896.5 3
13 1230.5 9414.5 6
14 4323.4 5122.7 6
15 9861.8 6954.5 6
16 3930.1 5992.7 5
17 3887.4 9377.7 2
18 6334.4 513.3 2
19 2742.5 6931.3 5
20 4277.2 1792.3 3
21 7361.5 7958.9 3
22 7007.1 1276.9 4
23 7151 2507.3 1
24 3294.4 6830.6 6
25 2082.3 8327.5 3
26 4362.4 2257.6 5
27 5181.9 6144.9 1
28 5021.1 4114.4 3
29 3458.1 6856.8 6
30 6409.2 1134 7
31 2416.5 130.6 5
32 4820.6 8772.8 7
33 9391.6 5923.8 5
34 1741.7 9218.1 7
35 849.7 2935.5 6
36 8547.4 7297.8 6
37 2237.6 4114.9 1
38 6940.7 9135.9 7
39 2157 4229.1 1
40 7575 638.2 6
41 4785.1 3054.6 1
42 1589.3 9510.4 7
43 9670.2 8901.9 1
44 258.4 2278.7 3
45 947.6 4763.6 1
46 8329 3310.9 1
47 1238.3 7183.6 4
48 292.4 4124.3 7
49 3460.8 7916.4 3
50 3486 5491.3 3
51 6280.3 1911.6 7
52 840.4 5136 1
53 4173.2 4806.1 4
54 5064.9 6699.7 1
55 6809.8 7647.2 5
56 9855 7611.3 1
57 1833.2 8849.5 7
58 9561.3 9141.8 6
59 6425.3 2602.5 2
60 7518.4 6088.5 2
61 9249.6 4003.9 7
62 5670.5 6479.4 7
63 3237 2287.7 7
64 1340.4 7352.5 1
65 1722.5 5797.5 1
66 6868.1 5652.4 7
67 8594.9 9120.7 1
68 5870.1 317.2 2
69 8904.6 6742.4 2
70 1490.7 4260.7 7
71 9568.1 5145.4 1
72 2827.3 2451.1 4
73 9587.3 5688 1
74 2788.5 7028.3 2
75 1054.1 386 2
76 8602 8889.2 3
77 5396.3 7484.1 4
78 9404.8 4989.3 6
79 2555 3893.8 1
80 9942.8 7019.7 6
81 3419.1 6587.7 4
82 4169.6 9414.9 1
83 9764.2 637.3 2
84 9281.7 3425.7 4
85 7786.9 6114.9 1
86 2089.4 6352 6
87 5314.7 1748.2 7
88 7660.7 1152.9 6
89 323.7 5343 6
90 9729.1 5285.8 2
91 5030.4 340 7
92 7112.2 4509.5 7
93 1645 5908.8 7
94 3500.9 6825.7 4
95 2385 6247.7 5
96 3290.3 9972.2 1
97 4719.9 5286.9 7
98 3633.5 2947.5 2
99 9171.5 3271.1 2
100 8603.2 4635.4 7
101 6689.8 9665.7 3
102 1363.9 8413 6
103 8723.3 57.9 4
104 6720 3558.7 1
105 8142.3 7578.8 6
106 7314.6 2504.2 2
107 2838.9 7224 1
108 111.4 2492.6 4
109 171.9 1664 3
110 5575.3 1902.4 5
111 7899.7 8592.1 1
112 2199.1 1591.1 7
113 2643.2 314.4 1
114 8996 7034.3 6
115 5444.8 6811.7 6
116 8141.2 4126.2 1
117 809.7 6965.1 6
118 400.3 8711.6 1
119 6208.6 518.6 3
120 5288 6093.8 3
121 9002.7 5628.6 4
122 4018.2 9462.9 7
123 7446.6 2106 5
124 932.8 2737.1 5
125 9612.8 8181.8 6
126 7506.8 6322.9 3
127 6269.7 7132.5 6
128 5526.9 9167.9 7
129 7276.7 5376.5 1
130 3960.9 664.4 1
131 2547.3 9667.1 3
132 1361 3685.2 7
133 1765.7 2767 2
134 4119.9 3699.7 7
135 5143.5 4947.7 6
136 2978.7 2454.4 2
137 4940 359.2 2
138 7136.8 5886 7
139 6409.8 4797.9 4
140 9471.8 393.9 2
141 8627.5 2941.1 4
142 3411.7 4302 1
143 9294 7702.8 7
144 8917.3 3457.8 6
145 9642.5 8601.2 4
146 8549.3 3215 3
147 5414.2 9790.2 5
148 9411.5 6926.9 4
149 4211.8 4971.8 1
150 6023.8 4443.5 5
151 8500.1 3070.9 5
152 3913.8 8117.8 6
153 3012.6 9046.9 2
154 6513.6 7964.1 4
155 3714.2 7606.5 7
156 7497.6 7791 7
157 3735.3 4840.3 4
158 332.1 5886.9 7
159 4450 98.6 5
160 5001 7757.5 4
161 7580.9 7892.7 6
162 1466.7 1806.4 1
163 2924.9 6454.2 5
164 2085.8 2967.7 3
165 6339.6 8317 3
166 9194.6 5814.5 5
167 6899.8 9549.7 6
168 4395 9881.7 5
169 8817.1 5966.8 6
170 9846.1 2602.9 5
171 3683.3 183.8 3
172 2226.6 3285.6 1
173 8887.6 6210.4 7
174 6230.6 9931.3 3
175 9902.5 6270.9 3
176 2816 5465.4 6
177 3520.4 2365.1 4
178 700.2 8395.3 4
179 3766.8 8847.5 4
180 8567.1 8693.5 2
181 1124.9 4011.9 5
182 3210.6 6238.5 6
183 7102.6 6761.2 3
184 9083.9 2991.8 4
185 4032.8 4529.4 5
186 8933.8 7345.3 5
187 9649.2 2500.8 5
188 1549.4 4836.1 3
189 3331.2 238 7
190 2714.9 8805 5
191 4701.5 1565.1 6
192 6871.8 6410.8 5
193 3962.9 5148.5 2
194 7264.3 4232.3 2
195 2132.1 9900.2 7
196 1635.6 469.1 3
197 8239.6 118.2 4
198 8843.8 1667.5 3
199 7843.3 6633.8 7
200 7325.3 9348.6 6
201 3865.6 4050.1 3
202 6052.9 2557 1
203 4478.6 8155 5
204 2935.8 7054.4 5
205 4384.8 9186.5 5
206 363 2457.2 3
207 5321.7 696.7 4
208 2781 9540.4 4
209 5076.4 9018.8 6
210 9244.8 6344.1 4
211 2218.2 1844.8 5
212 27 7897.6 6
213 4246.5 4011.3 4
214 3614.4 6947 6
215 7214.5 1331.7 4
216 2349.9 3329.9 6
217 7954.3 8651.5 2
218 5312 1432.4 6
219 4337.1 8143.9 1
220 9995.9 7388.7 6
221 6638.5 1242 5
222 8966.2 2904.2 1
223 3850.9 7150.6 1
224 8525.8 765 3
225 255 9614.6 6
226 1170.6 1964.5 3
227 4543.3 1553.9 2
228 247.8 6865.9 4
229 7127.8 1202.9 1
230 4661.8 2834 1
231 8539.8 1107.6 4
232 5897.7 73.7 2
233 1153.1 3924.6 2
234 419.7 2450.3 3
235 6633.3 2705.2 4
236 5813.7 5510.9 6
237 8323.9 1689.3 2
238 1120.7 3572.2 3
239 5349.8 699.9 1
240 7722.8 6996.9 2
241 9119.6 7171.8 2
242 3393.6 3069.5 4
243 8936.4 4222.5 3
244 3265 4642.2 5
245 9993.7 2910.6 4
246 6337 8724.2 5
247 6279.8 8683.2 4
248 7776.5 9803.8 7
249 7774.2 6788.7 3
250 8974.8 4511.5 7
251 4644.4 5266.2 1
252 3056.8 8659.7 2
253 9907.6 9231.3 6
254 2318.1 4131.4 4
255 8814 5760.3 1
256 8015 2097.2 2
257 2726.8 8376.9 4
258 9127.8 6153.4 4
259 736.1 5562.7 1
260 3044.2 4537.4 6
261 3984.4 817 7
262 2096.3 3873.7 5
263 1642.4 5416.4 7
264 8681.3 7734.4 7
265 8727.2 6548.3 4
266 3318.7 6198.4 1
267 6634.4 8925.1 7
268 268.3 9688 3
269 5341.2 424 3
270 5567.5 5103.3 7
271 3575.6 9087.6 3
272 5214.6 1183.8 5
273 8783.7 4461.3 5
274 1584 3142.6 4
275 8515.7 3504.9 7
276 2842.7 6823.5 5
277 9266.9 5093 7
278 4067.9 5361.3 2
279 8292.6 2337.6 5
280 6444.7 7905 5
281 769.4 3115.7 5
282 7546.2 9965.4 1
283 8196.6 8749.1 1
284 4263.3 333 2
285 8064.3 483.8 1
286 1683.9 4961.7 1
287 9866.6 4228.5 7
288 244.7 9931.5 3
289 310.7 8224 7
290 2435.8 4668.6 3
291 9664.2 7073.2 3
292 9250.5 4619.3 4
293 20.5 2815.9 2
294 6887 7079.1 7
295 8531.2 6778.6 4
296 5315.4 8462.4 7
297 8923.1 9964.2 5
298 9258.9 1844 6
299 4955.9 2154.7 3
300 4625.6 4590.4 4
301 2200.2 5889.7 7
302 4525.6 6775.3 7
303 6816.3 6795.8 2
304 7856.1 5317.9 6
305 864 5484.3 7
306 5990.8 799.6 4
307 4444.1 1357.8 7
308 396.1 616.6 1
309 4644.4 7207.6 7
310 8751.7 1833.1 4
311 9162.8 5668.4 5
312 8282.2 1829.1 5
313 2020.9 8645.4 4
314 210.5 6501.4 4
315 7114.4 9000.5 3
316 796.8 4991.2 6
317 4576.8 1070.4 3
318 9956 1466.5 3
319 7179.2 7746 6
320 8192.2 6497.6 6
321 5430.8 7295.6 1
322 8559 5577.7 7
323 8462.4 9233.7 6
324 6796.8 9444.2 4
325 2084.2 6558.5 7
326 1220.6 7355.3 1
327 4426.9 3567.2 7
328 7355.8 5158.3 6
329 2536.5 2337.5 5
330 4924.7 2164.8 3
331 781.1 7595.5 7
332 2305.9 7789.6 4
333 5659.8 7887.2 3
334 9294.1 6319.1 1
335 9429.8 8403.2 6
336 201 1258.9 2
337 5963.4 5685.7 1
338 4431.4 4676.7 1
339 6000.9 7213.1 1
340 5316.4 2137.7 5
341 1129.4 2918.7 4
342 5873.1 6859.8 7
343 7829.6 4154.7 2
344 9019.8 3448.7 3
345 1289.3 4513.6 2
346 117.3 4714.6 3
347 6300.4 2313.1 1
348 7685.9 8379.6 6
349 4229.6 4380.5 5
350 4745.9 9696.8 1
351 9062.1 2461.3 6
352 973.8 9969.5 5
353 2310.3 9434.2 6
354 3169 89.2 6
355 8711.6 1378.4 5
356 5927.6 1495.6 2
357 4402.5 9431.2 6
358 8563 8752.2 2
359 9035.3 2981.7 6
360 6720.6 9362.7 6
361 6543.5 59.9 4
362 2555.4 1033.7 2
363 5427.1 4979.1 6
364 2453.3 9783.2 1
365 4563.4 8494.7 1
366 9551.9 6057.5 2
367 2525.2 459.9 4
368 7811.6 9022.8 1
369 1477.6 9693.2 3
370 1159.1 6413.7 1
371 3807.8 4592.3 6
372 7282.4 7147.6 6
373 2361.7 4209.8 7
374 8510.3 8298.3 7
375 3112.8 2861.6 7
376 728.8 4048.6 3
377 1475.6 6573.8 2
378 1653.5 4385.3 2
379 583.5 7498 1
380 4130.3 292.3 6
381 310.1 4100 5
382 4914.6 3017.5 7
383 2187.8 7014.3 3
384 6075.3 5524.5 3
385 8110.7 8637.2 2
386 1911.1 1001.2 4
387 1769 2476.7 7
388 2086.6 4130.2 2
389 3062.2 4713.6 4
390 2095.6 479.1 3
391 9177.9 789.1 2
392 2487.5 7338.8 3
393 2944.7 9526.6 6
394 9246.9 5601.8 2
395 3847.2 5347.6 7
396 2944.3 7258.6 3
397 6090 662.7 3
398 7444.5 2749.3 6
399 4819.5 5811.4 1
400 9692.5 9542.1 5
401 6492.8 355.1 6
402 7393.1 2842.6 2
403 9675.6 5787.2 6
404 607.5 5034 6
405 8699.1 516.4 6
406 3792.7 3460.6 4
407 1522.5 1185.7 1
408 1729 265.4 3
409 7700.8 6720 4
410 8386.2 8047.6 5
411 1185.7 4540.4 6
412 6409.5 1933.4 3
413 8972.1 3244.1 5
414 1061.1 5486.7 6
415 387.1 4185.8 1
416 5060.5 9613.6 7
417 6992.5 2771.2 6
418 1222.4 6135.4 3
419 9836.6 3836.1 7
420 4262.2 3857.4 3
421 9865 5043.1 5
422 5822.8 3087.7 2
423 6258.4 3694.9 4
424 4116.3 6391.2 5
425 7008.1 6778.2 1
426 2051.5 1838.6 1
427 2190.6 466.3 1
428 5150.5 3323.8 1
429 8375.8 3160.3 2
430 8321 9057.6 5
431 7948.9 8922.5 7
432 2117.2 6380.5 6
433 9853.9 2638.8 7
434 834.7 8390.2 3
435 8937.3 7033.4 4
436 1225.6 720 2
437 4762.6 2910.5 6
438 1070.7 8061 4
439 5149.4 8071.9 2
440 3064.1 6392.8 1
441 4836.1 4341.6 1
442 3286.4 8093.9 4
443 6459.5 7947.8 1
444 3327.4 417.6 3
445 4951.3 9354.8 7
446 6623.6 2215.5 5
447 134.5 8613.2 3
448 5746.8 9683.8 5
449 4682.8 6468.3 5
450 8414.3 9532.3 2
451 1203.3 6003.6 1
452 2914.7 925.1 3
453 1006.6 7384.5 6
454 3372.3 711.8 5
455 5763.4 7298.2 2
456 3552.6 3921.8 6
457 3696.9 5691.4 4
458 6751.7 1438.2 7
459 9502.6 6120.9 1
460 325.3 6170.3 4
461 9175.9 7373.5 1
462 2368.1 288.2 7
463 5289.3 2929.9 2
464 6158.2 7937.3 7
465 7444.6 3700.6 7
466 8085.7 7253.1 7
467 2577.4 2585.2 1
468 5682.2 9336.8 5
469 105.9 8839.4 6
470 2633.1 799.8 7
471 4692.6 1610.9 4
472 4390.7 3978.9 4
473 6649.1 903.3 5
474 7927 7061.4 6
475 9916.7 4505.9 1
476 2475 4226.7 3
477 8954.9 6804 1
478 1126.2 4121.3 2
479 6370.8 5862.3 6
480 9371.5 8495.4 3
481 8542.4 3187.9 3
482 3451.5 9213.7 7
483 284 5862.7 3
484 1681.4 3789.7 6
485 9380.9 5341.5 1
486 781 7816.4 6
487 2704.5 8406.5 3
488 7213.1 1167.8 4
489 1058.4 9173.8 6
490 5378.3 8545.2 3
491 497.9 7087.5 3
492 8863.5 2174.1 2
493 2843.1 4093.2 1
494 7725.9 5774.6 5
495 9670 5155.4 7
496 7755.1 7571.5 7
497 66.8 1911.1 6
498 9182.4 9124.1 7
499 4054.4 182.5 1
500 4788.6 5560.7 6
501 4018.2 7693.7 3
502 6435.5 8192.3 4
503 9701.7 2670.5 5
504 8830.6 396.3 7
505 3384.2 1701.4 5
506 3279.3 9456.4 2
507 4261.2 9523.1 7
508 3649.4 340.6 6
509 4205.4 4394.9 6
510 3935.1 9183.4 4
511 3845.1 3201.5 4
512 842.5 1272.2 2
513 1649.2 973.8 6
514 6549 9804.3 2
515 7223.3 4823.7 5
516 4688.1 8102.9 5
517 9724.4 3999.2 1
518 6671.8 7648.6 4
519 4378.4 1853.9 1
520 2267.4 7424.2 7
521 5717 1269.2 7
522 8495.4 3746.9 5
523 9466 7031.2 2
524 3107 5215.3 5
525 8779.4 2438.5 3
526 6153.1 8761.7 7
527 4618.3 121.3 4
528 2606.5 8428.2 1
529 935.2 2806.5 1
530 5293.9 5073.8 6
531 8835.9 790.7 2
532 7214.6 921.2 4
533 5230.2 387.1 3
534 5854.8 5129.2 5
535 7918.8 3908.5 7
536 3171.2 1696.7 4
537 9796.8 6314.9 7
538 8786.4 556.5 6
539 7059.7 3126.8 6
540 8822.1 8420.6 1
541 8008.5 7256.4 5
542 99.3 6106.2 1
543 7572.1 1336.3 4
544 3711.2 8826.2 7
545 5065.5 6744.9 7
546 493.4 1551.2 1
547 4683 1348 7
548 8993.7 1769.5 4
549 1732.6 464.4 5
550 8913 921.6 7
551 1167.2 565.2 6
552 5847.1 2299.7 7
553 1448.2 1506.9 5
554 7436.2 5218.1 3
555 188.6 283.5 6
556 8484.5 776.9 4
557 8477.1 5459.8 2
558 8054.8 6088.6 1
559 8189 7821.1 2
560 1449.8 8369.3 5
561 3131.2 9536.4 5
562 5339.3 5383.4 6
563 2018.3 6831.5 7
564 3303.9 5902.9 4
565 3415.7 6091.4 4
566 1907.6 4575.8 5
567 1950.6 4688 6
568 6611.9 4378 7
569 3042.6 2566.9 7
570 1572.9 4016.6 4
571 2659.8 8782.9 6
572 4311.9 4122.1 5
573 8263.6 7775.5 4
574 3722.2 1079.4 7
575 6033.9 4495 3
576 264.3 8037.7 5
577 5271.5 9988.2 6
578 7373.6 6600 4
579 5564.3 1277.8 1
580 3211.2 2850.6 6
581 7592.1 7145.5 1
582 4779.7 1457.4 6
583 5715.4 1356.1 3
584 6753 6713.4 5
585 3693.4 2747.3 7
586 6725.1 4646.7 7
587 7603 9918.2 4
588 3168.8 7291.7 1
589 3112.5 2855.9 4
590 7258.2 6067 6
591 5420.4 5294.2 4
592 2365.5 73.8 1
593 6703.1 7424.4 4
594 8816.1 5812.5 7
595 2008.4 9505.9 3
596 2966 6230.9 7
597 1961.3 5469 1
598 944.8 8637.7 2
599 8163.4 3385.3 2
600 8294.9 643.4 7
601 1276.9 6063.8 2
602 3039.5 64.4 6
603 6259.5 8402.6 4
604 2470.7 7218.6 2
605 5395.2 862.1 5
606 2702.2 3828.1 6
607 4655.8 5789.3 4
608 8162.7 8369.2 7
609 8961.2 8167.7 1
610 2615.6 6462.5 1
611 3972.2 9374.5 4
612 622.9 2414 4
613 8982.5 308.6 7
614 6401.7 4414.4 6
615 9633.3 1444.7 5
616 2370.7 5782 3
617 2974.1 437.7 2
618 9046.5 235.5 4
619 3756.6 9196.7 6
620 3487.1 1812.2 5
621 3860.9 7419.5 3
622 1933.7 9677.5 5
623 70.8 8660 5
624 8245.6 6696.8 4
625 3639 7965.2 3
626 1529.7 335.8 4
627 1613.1 3309.8 4
628 756.2 2356.3 5
629 9903.7 7748 3
630 5583.6 1235 3
631 996.3 5095.8 5
632 4148.3 7029.4 5
633 2984.6 8735.3 1
634 2129.4 8616.1 3
635 7323.7 3890.2 1
636 5597.9 5419.8 4
637 8018.8 8668.1 4
638 2512.5 1059.4 1
639 8876.9 963 2
640 4437.9 6546.5 3
641 3446.3 7542.8 1
642 9874.1 3326.2 2
643 5979.3 6310.8 7
644 2379.7 75.3 3
645 7111.9 9034.2 7
646 9809.3 4632 6
647 4477.5 2650.7 6
648 2455.5 6798.3 4
649 4424.9 7310.4 2
650 5777.4 1748.2 5
651 8364.8 6829.6 2
652 6048 6703.6 2
653 4030.9 4318.1 6
654 749 8332.9 4
655 6083.2 7079.9 7
656 6942.7 6889.1 7
657 3221.9 1366.6 2
658 9804.4 3822 7
659 5811 9882.1 6
660 2780.5 5659.4 6
661 9566.9 5659.4 1
662 3896 1707.3 2
663 3186.5 7373.3 5
664 422.8 8122.2 6
665 9369.6 5840.5 3
666 5715.3 4418.3 3
667 9963.3 7640.2 3
668 6861.9 7444.5 2
669 2194 4890.6 1
670 4836.3 9306.2 1
671 2497.2 8873.1 3
672 5352.5 4404.2 1
673 8181.7 9225.8 4
674 5328.9 9648.6 3
675 2444.1 9018.1 3
676 6639.1 6368.6 3
677 7723.2 7967 3
678 1809 4828.9 4
679 9716.8 8658 2
680 776.9 3494.2 1
681 7496.4 7626.6 7
682 9875.2 2979 2
683 5596.4 2795.8 6
684 8690.8 8124.6 7
685 1542.6 568.6 1
686 234.8 7207.6 7
687 3345.2 6566 3
688 5731 8374.9 1
689 7196.3 9726.8 3
690 3552.2 503.7 5
691 849.4 8000 6
692 7019.6 9510.4 4
693 9229.1 5106.7 7
694 9029.2 5432.7 5
695 1748.2 6975.2 6
696 5120.5 7209.9 6
697 4861.2 2190.2 4
698 2568.9 7921.1 4
699 6740.6 6752.6 3
700 1205.4 304.7 4
701 9164.4 1154 3
702 4749.8 9808.7 5
703 4949.4 9037.7 6
704 7944.6 9702.1 3
705 699.6 1450.2 4
706 5658.2 8205.8 2
707 9459.6 3067 1
708 1462.1 7271 1
709 204.3 5646.8 4
710 308.4 6852.1 3
711 2551.3 6016.4 5
712 2794.1 2401.4 2
713 4182.5 7350.7 5
714 677.5 6930.4 1
715 2605.1 9265.1 6
716 1507.8 6558.5 5
717 890.7 6018 6
718 828.5 7480.1 7
719 1957.8 9319.5 2
720 9839.6 1263 2
721 8026 3814.2 2
722 636.7 8243.4 6
723 3056 2425.8 1
724 4513 3103.2 1
725 5671.9 5708.2 5
726 1551.4 8851.1 3
727 4001.5 9741.7 3
728 1153.6 2205.4 2
729 7211.9 5798.3 3
730 8916.9 5637.9 6
731 9109.2 5299 5
732 5317.8 5935.7 5
733 5562.9 626.8 5
734 4793.8 5139.7 2
735 2590.2 2446.8 6
736 9651.7 3998.1 1
737 3271.6 9634.7 7
738 4544.7 788.3 3
739 4932.9 9635.3 3
740 6275.8 8552.2 7
741 8881.5 7661.3 1
742 5301.4 4614.2 2
743 1599.8 177 4
744 323.9 6605.9 1
745 2151.2 9196 4
746 2957.1 482.9 7
747 2614 3754.4 6
748 5282.9 8299 1
749 157.2 4867.1 3
750 829.7 1142.8 5
751 7140 24.2 5
752 384.4 6960.7 6
753 1199.7 195.6 4
754 2641.7 519.5 6
755 9223.3 4305.8 1
756 9886.9 7262.8 3
757 6183.7 1511.9 5
758 2115.1 6794.8 5
759 470 6951.9 7
760 8460.1 9416.7 1
761 6637.5 8191.8 5
762 2476.1 211.3 1
763 2928.8 1410.9 5
764 6828.8 4052.5 6
765 5699.4 3275.8 7
766 7036.3 4797.8 4
767 8856.1 981.4 2
768 4430.2 3096.4 2
769 9938.4 5201.5 6
770 313.7 3661.5 2
771 3466.8 1934.1 1
772 9914.5 6045.3 7
773 1687.7 8974 3
774 5291.6 7437.9 4
775 1050.1 3137.2 7
776 9479.1 1808.7 7
777 8441.3 664.7 5
778 8915.4 5094.8 2
779 9454.5 5033.1 2
780 6945.5 6981.9 3
781 5488.2 2083.9 4
782 2222.7 1998.3 5
783 9168.4 5321.1 6
784 7524.9 612.6 1
785 1569.1 1662.6 2
786 524.2 2776.9 6
787 4277 2853.3 4
788 9011.1 3403.8 3
789 112 2858.3 7
790 4779.1 9803.7 1
791 6378 5291.8 7
792 8275.8 7514.4 4
793 7854.1 6682.7 3
794 8041.5 5842.8 2
795 5666.7 7411.8 1
796 8064.3 7936 5
797 2270.5 3848.1 4
798 8776.5 2859.2 5
799 2012.4 2971.1 6
800 1916.6 9385.3 4
801 8802.6 5763.2 2
802 9407.6 5674.2 3
803 2010.8 5163.4 6
804 9935.1 4840 1
805 107.2 506.6 1
806 5212.2 206.1 4
807 1458.8 4111.7 2
808 3829 4523.4 5
809 7967.8 6535.7 7
810 4964.8 87.4 2
811 3400.6 525.1 3
812 8763.4 9932.6 7
813 3275.7 1943.4 6
814 4470.6 3513.6 7
815 3143.5 5255.9 6
816 863.3 468 3
817 6519 3561.9 5
818 7657.9 7390.9 3
819 1656 5358.6 4
820 260.2 1958.6 7
821 9884.9 6994.3 5
822 6907.9 7392.8 4
823 7969.8 668.4 4
824 7465.4 6774.2 7
825 165.7 1552.8 4
826 6642.9 2416 3
827 3326.2 570.1 3
828 5756.3 8227.9 6
829 1074.5 9883.8 4
830 6198.7 1779.2 4
831 1410.3 3299.2 6
832 7147 207 6
833 4451.4 9811.9 6
834 5334.3 7277.2 5
835 9730.7 9078 5
836 1018.2 7356 3
837 4408.9 682.1 5
838 1361.4 6438.3 3
839 7339.9 9147.9 7
840 312.1 6981.8 2
841 6878.1 27.2 6
842 8803.1 8809.3 5
843 9756 3260.6 3
844 3012.5 8594.8 3
845 3043.1 9960.7 6
846 4626.4 2614 6
847 8625.6 7022.8 7
848 4830 8384.1 4
849 9262.3 7359.1 1
850 5213.5 7671.2 1
851 2943.8 4549.2 7
852 3973.2 4987.4 2
853 6844.7 6378.5 6
854 9528 1026.2 3
855 9488.4 4069.2 5
856 8526.7 8695.6 4
857 4920.9 8956.3 4
858 5267.6 3786.3 3
859 2052.6 4683.7 3
860 7985.4 9897.1 2
861 4170.3 4476 4
862 8747.1 84.3 5
863 2133.2 6928.9 1
864 415.1 6456.8 5
865 8926.9 5945.1 3
866 9034.5 6106.9 2
867 1756 2662.9 5
868 9865.1 7930.5 5
869 9628.7 9983 4
870 6751.3 9603.5 4
871 3180.2 3773.7 1
872 5793.4 2520.7 3
873 3393.9 6289.1 2
874 643.2 8339.3 7
875 8918.7 8901.3 2
876 1263.3 7935.7 6
877 3938.6 9691.6 6
878 5570.1 1191.9 3
879 2623.1 2455.7 5
880 5994.8 9206.9 6
881 9263.6 2387 3
882 8643.4 9815.5 5
883 8107.5 3209.3 7
884 7770.7 5487.6 2
885 3890.7 4406.2 4
886 5955.6 5669.4 3
887 7397.8 1243.1 6
888 9867.6 6813.2 1
889 3538.2 9436.2 5
890 5556.5 7066.1 2
891 8813.4 6329.6 7
892 7479.1 6608.2 7
893 300.6 6350.8 4
894 9411.2 4121.4 5
895 6860.9 8012 7
896 3211.9 5602.8 1
897 9133.6 3000.5 4
898 6382.1 4503.2 3
899 4822.4 8041.3 7
900 7353.5 5232.9 6
901 9091.4 5681.4 5
902 4851.4 4795.6 1
903 426.8 5096.1 6
904 846.6 4507.2 3
905 6754 1368.1 7
906 8702.7 6215.1 4
907 7955.9 6983.8 3
908 6817 3365.9 2
909 4126.4 9823.4 5
910 2507.1 7176.9 3
911 7953.9 6268.2 5
912 1365.4 2754.8 2
913 1385 3181.5 5
914 9390.5 5663.3 6
915 3152.5 4052.4 7
916 4926.5 4390.2 5
917 2303.2 2346 3
918 5950.7 798.2 2
919 4101.3 6559.7 2
920 1928.3 702 2
921 4988.1 8655.8 7
922 5364.4 1656.3 4
923 536.2 4676.4 3
924 804.1 5702 6
925 5579.1 8854.4 7
926 3357.3 3780.9 7
927 8985.7 7719.2 2
928 1597.8 3669.9 5
929 9211 7771.1 7
930 8282.7 9699.4 1
931 4531.2 6322.6 3
932 8683 1687 3
933 5589.6 3858.3 4
934 7312.8 4662.3 6
935 6334.4 241.3 2
936 9408.3 5233.7 6
937 8507.5 4219.3 5
938 1587.8 7452.3 7
939 5466.3 8298.4 4
940 5904.4 6581 1
941 7044.4 2747.3 7
942 8475.3 1430.2 7
943 3197.6 8654.9 2
944 2596.2 5967.6 3
945 7696.7 3937.1 4
946 3286.7 4980.5 1
947 1022.4 5123.1 6
948 8112.4 6710.9 2
949 8872.2 2177.1 6
950 7403 8081.4 1
951 7268.4 6760.9 2
952 5091.5 6871.3 2
953 4601.5 1704 3
954 7969.7 4300.1 7
955 7635.4 3631.9 3
956 9177.6 8553.7 4
957 4318.2 9576 5
958 6948.4 9323.5 7
959 7030.9 8195.6 2
960 7046.8 7233.8 6
961 5278.9 4502.1 5
962 6258.1 9593.5 3
963 302.7 5830.1 5
964 4637.4 5434.9 7
965 4939.6 4705.5 7
966 9178.8 3883 7
967 33.7 9836.3 2
968 6011.7 6784.6 5
969 8700.4 5450.6 2
970 5201.4 2497.4 7
971 9783.6 9411.4 4
972 4397.1 7304.6 6
973 5881.7 7607.3 5
974 9070.3 2244.6 6
975 6558.8 8819.3 5
976 949.6 7998 4
977 3894 9666.9 1
978 6414.3 5678.5 6
979 9893.3 6014 3
980 3203.1 1215.3 6
981 2111.3 2634.1 2
982 7156.8 7031.1 4
983 3430.8 2912.7 7
984 7170.1 1982.9 6
985 7979.4 176.9 7
986 1858.9 2761.6 4
987 1256.5 6655.5 4
988 8855.1 4704.9 7
989 6508.6 6233.4 6
990 7977.5 9436.4 1
991 3578.9 1547.6 4
992 226.8 339.5 3
993 4179.3 5405.5 1
994 7374.1 4210.7 4
995 2813.5 2190 1
996 8707.2 4048.8 4
997 4234.1 6940.4 7
998 9427.8 5795.4 5
999 1935.1 3939.1 5
1000 2091.6 1916.6 4
1001 1828.1 7130.6 4
1002 5833.8 8992.6 7
1003 8505.7 3171.8 2
1004 5725.4 545.8 2
1005 6563.2 4994.4 1
1006 7577.8 5336.8 5
1007 2989.1 1206 1
1008 6691 2269 1
1009 5097.8 5839.2 4
1010 1373 7930.7 4
1011 7084.6 1393.9 2
1012 5978.9 7227.6 2
1013 6847.8 7368.4 3
1014 4757.4 4729 7
1015 6877.5 1292.1 5
1016 1187.6 8869.9 5
1017 1181.5 3494.1 3
1018 9751 1820.3 4
1019 4115.7 6918 2
1020 4054.7 9926.1 2
1021 5910.2 8645.8 7
1022 4896.3 6259.8 1
1023 4510 3107.6 3
1024 7295.5 7864.9 1
1025 2261.9 4742.3 3
1026 2222.6 7565 6
1027 790.5 381.7 1
1028 564.3 132.6 5
1029 2607 5883.4 1
1030 488.8 9938.1 6
1031 7936.5 7483.4 3
1032 6778.1 2379.6 2
1033 4482.4 6889.6 6
1034 9555 5820.2 3
1035 9356.6 8082 1
1036 2085.4 1939.7 3
1037 3684 2730.1 2
1038 411.8 3294.3 2
1039 7324.7 7536.4 5
1040 4425.8 8025.2 4
1041 3088.2 7596.8 2
1042 8761.2 4374.8 4
1043 2329.1 492.3 6
1044 639.7 47.3 3
1045 6815.1 9403.8 6
1046 9367.9 3124.3 2
1047 9485.7 6808.2 3
1048 1620.3 7219.9 4
1049 3887.4 6179.7 6
1050 2037.9 605.5 3
1051 3396.7 3693.6 3
1052 603.7 4089.9 7
1053 1825.5 8054.1 3
1054 1571.9 8693.7 4
1055 8773.7 7143.9 6
1056 4057.3 6511.8 2
1057 1280.6 7632.6 4
1058 2869.2 9252.9 3
1059 9387.2 3140.2 3
1060 3441.5 6813.2 1
1061 7156.2 209.9 2
1062 102.8 2448.7 1
1063 9059.3 5909.3 4
1064 8508.1 9116.4 7
1065 8004.1 7890 5
1066 8539 1947.2 5
1067 2198.1 3227.8 7
1068 2665.3 7732.1 2
1069 352.4 7119.2 2
1070 5854.3 2195.8 7
1071 3596.8 987.1 7
1072 5032.8 1089.8 1
1073 2193.9 1784.3 3
1074 9044.3 292.3 1
1075 4588.3 8296.4 3
1076 7276.1 6835.3 2
1077 8110.9 9033.4 3
1078 6578.2 1698.6 3
1079 4298.3 3686.1 3
1080 6793.7 1175.5 4
1081 6102.3 4772.2 3
1082 8891.1 1440.2 1
1083 4128.6 5269.2 4
1084 5275.3 4313.4 5
1085 7173.5 536.8 5
1086 6961.6 9448.1 7
1087 332 7558.9 4
1088 8565.4 5772.2 4
1089 4530.7 70.4 4
1090 7615.2 8499.2 2
1091 4530.6 4601.5 2
1092 2433 5127.7 5
1093 3060.4 9256.2 1
1094 5472 4531.4 7
1095 8175.9 3340 2
1096 9176 301.5 3
1097 8646.6 2268.7 5
1098 7150.5 834 1
1099 8988.2 5364.6 5
1100 4511.9 4614.9 6
1101 2846.2 9145.4 2
1102 7587.9 3213.6 6
1103 3769.7 6273.9 4
1104 6855.9 3381.1 7
1105 4255.4 1556.9 4
1106 2191.6 2368 2
1107 9575.9 2649.8 4
1108 6154.1 9800.2 1
1109 8504.5 8788.3 5
1110 925.1 4935.3 6
1111 3480.1 9416.7 7
1112 2271.7 7004.5 4
1113 6191 2409.4 7
1114 9366.4 900.4 4
1115 8708.3 5155.7 1
1116 1390.2 7347.2 3
1117 6008.8 6923 4
1118 2895.9 3077.1 5
1119 617 3216.7 6
1120 5337.8 5776.9 4
1121 3038.2 892.2 7
1122 3154.4 3163.8 6
1123 6484.1 989.9 5
1124 6087.7 1991.4 7
1125 2342.6 2334.9 2
1126 154.4 5360.2 3
1127 334.1 1368.9 2
1128 4798.7 4264.8 7
1129 698.6 6516.9 5
1130 3751.6 1854.6 5
1131 3375.1 6527.9 4
1132 2415.1 9682.3 1
1133 94.8 6166.3 5
1134 1819 3889.1 2
1135 2808.3 6231.7 7
1136 588.4 6386 7
1137 7350.9 8355.2 3
1138 1036.3 4789 4
1139 9433.9 5487.5 4
1140 2683.3 874.3 5
1141 74.3 5884.5 1
1142 8357.5 9934.7 3
1143 3074.8 1664.7 1
1144 8781.9 3483.6 7
1145 6480.4 7927.1 7
1146 8148.9 150.6 4
1147 5177.6 7501.4 7
1148 5210.3 172.8 3
1149 9507.7 1241.8 4
1150 321.9 3925 7
1151 4625.8 3999.3 3
1152 5457.5 3991.9 2
1153 7606.7 8701.8 4
1154 7557.3 7483.6 3
1155 1396.9 5599.2 5
1156 3103.4 5383.2 6
1157 2830.9 2195.9 6
1158 913.6 7406.1 6
1159 7055.5 6913.7 5
1160 8684.9 8870.7 3
1161 1188.5 3496.4 3
1162 2846.9 589.1 2
1163 4440 9830.9 2
1164 7697.6 9023.3 6
1165 6074 420.1 2
1166 2377.4 5158.6 6
1167 8831.4 9624.7 1
1168 6057.1 2173.4 5
1169 1820.3 9228.8 7
1170 460.5 7913.7 6
1171 3025.7 737.3 6
1172 1225.2 3584.2 6
1173 5051.8 8024.1 2
1174 5944.8 7356.8 4
1175 5956.6 3430.8 4
1176 3202.7 5808.1 1
1177 5832 6274.6 4
1178 657.1 3966.8 4
1179 2888.2 7422.3 3
1180 3668.2 7882.7 5
1181 1683.7 2543.5 5
1182 6465.9 5403.9 1
1183 1837.1 455.6 3
1184 7039.1 8035.5 7
1185 2899.5 5627.3 4
1186 9179.9 8829.9 1
1187 3889.3 6297 2
1188 6588.1 6954 7
1189 1460.2 1477.4 4
1190 7196.3 5145.5 2
1191 845.9 8464.3 5
1192 5232.8 4930.1 7
1193 4839 8402.3 6
1194 4104.4 5441.3 5
1195 726.6 9975.9 1
1196 2414.6 791 2
1197 9910.7 4680.2 1
1198 6951.8 1268.3 7
1199 6324.4 4363.6 4
1200 4754.4 1559.8 1
1201 1067 2405.7 7
1202 3193.5 7638.4 7
1203 9088.6 4112.6 3
1204 7074.4 8216.9 6
1205 4730.9 8943.4 7
1206 6379.3 2993.2 6
1207 8492.8 2903.8 1
1208 6903.3 9855.5 5
1209 2267.7 7815 7
1210 744.6 2569.3 4
1211 4366.9 5271.5 4
1212 8088.7 100.1 7
1213 6740.6 9188.7 3
1214 5429.9 7898.2 3
1215 9560.4 4264.2 4
1216 3666.8 643.5 1
1217 199.3 771.4 6
1218 3047.2 7674.6 1
1219 7163.2 1577.4 4
1220 7278 3957.1 2
1221 8952.6 9959.2 2
1222 4667.9 8047.8 1
1223 8021.6 6423.5 4
1224 7123 1853.3 2
1225 6076.5 1413.7 5
1226 3973.3 6715.6 6
1227 6498.4 8550.1 6
1228 1927.2 1597.2 7
1229 8846.7 395.5 5
1230 5216.4 7673.5 2
1231 5790.5 8261.2 4
1232 1636 2929 1
1233 9216.7 2585.8 3
1234 5986.1 1343.9 5
1235 2288.8 7420.3 1
1236 4490.8 3028.7 5
1237 7336.3 9527 4
1238 953.1 3089.4 1
1239 3879.6 3571.2 1
1240 18.7 8787.5 2
1241 114.9 4577.9 1
1242 170.1 6213.8 6
1243 9908.3 7065.7 6
1244 6070 3051.7 7
1245 4084.9 6975.6 1
1246 5148.6 1466.3 5
1247 2927.8 8802.5 1
1248 892.3 9755.5 5
1249 2089 5270.3 1
1250 3681.2 5288.9 3
1251 4582 5403.7 2
1252 3743.9 5573.8 7
1253 7470 5482 6
1254 3781.7 1551.9 7
1255 1437.3 7271.9 6
1256 8148.4 2420.4 6
1257 7888.1 5348.2 4
1258 7154.7 7875.6 5
1259 1145.9 9964.5 2
1260 8708.2 3645.7 4
1261 5057.9 8227.6 5
1262 7620.7 3606.7 4
1263 6397.3 2711.8 2
1264 3874.6 8128.6 3
1265 4403.6 9565.9 2
1266 3543.2 9349.4 4
1267 2513.9 7237.4 7
1268 1922.3 6027.2 6
1269 2721.3 7173 6
1270 8790.5 5881.1 1
1271 8513.3 939 4
1272 6910.2 194.8 7
1273 880.8 6592 7
1274 333.4 2101.8 4
1275 4608.2 8140.5 3
1276 6154.8 1683.6 4
1277 121.8 5832.7 7
1278 2707.3 9390.1 1
1279 1533.1 2111.3 1
1280 323.4 901.7 5
1281 4394.4 1050.1 2
1282 8328.2 7960.3 5
1283 7503.8 8841 6
1284 9391.1 809.5 2
1285 9407 7052.8 3
1286 2259 4842.8 4
1287 2825.2 6599.7 5
1288 2263.8 9307 4
1289 9364.8 840 1
1290 2003.6 2798.5 6
1291 3793.8 8828.1 3
1292 6522.9 7156.2 4
1293 9446.7 6295.2 3
1294 2232.9 5686.2 1
1295 7120.8 6728.3 3
1296 149.1 8987.3 5
1297 6496.2 3447.6 1
1298 8675.8 7346.5 1
1299 1880.7 6711.3 5
1300 7196.7 350 6
1301 5049.6 4143.7 6
1302 3952.5 666.5 6
1303 4086 1748.3 4
1304 3060.4 3981.2 3
1305 4479.5 1101.9 6
1306 4586.6 2886.2 5
1307 1171.5 9382.3 3
1308 4356.1 9693.2 3
1309 6847.6 1573.8 1
1310 1814.3 8770.5 1
1311 1214.6 5455.2 5
1312 7807.7 9407.6 4
1313 4827.3 3493.5 3
1314 8142.1 8189 3
1315 8778.2 4303.7 3
1316 7777.7 525.4 4
1317 5764.5 1696.8 6
1318 8833.9 6052.9 1
1319 9249.8 2900.4 4
1320 6376.9 6349.8 2
1321 5489.1 7564.3 6
1322 8744.9 7007.1 2
1323 4302.3 1834.4 7
1324 3243.2 1611.6 2
1325 6165.1 389.7 7
1326 3459.3 9802.5 3
1327 3639.6 5566.9 7
1328 3202.1 4400.8 6
1329 4093 5285.7 3
1330 6557.6 3297.8 6
1331 9427.8 8786.8 2
1332 9388.3 9166.9 3
1333 8756.3 5104.3 4
1334 3252.9 8347.4 2
1335 5938.4 6147.7 6
1336 4562.8 1242.1 5
1337 3712.4 4881.7 5
1338 4558.8 9718.9 3
1339 1458 3811.8 3
1340 2892.8 2004.5 4
1341 2312.5 3067.4 4
1342 9296.4 2455.6 6
1343 3287.4 1211.8 6
1344 9112.7 4464.6 4
1345 9819.9 2038.2 1
1346 916.7 6600.9 6
1347 1816 313.2 5
1348 9917.3 6507.2 5
1349 2419.3 7965.1 3
1350 1842.1 2493 7
1351 4562.7 4805.4 6
1352 6070 5737 5
1353 14.5 9024.3 3
1354 9063.2 9772.2 6
1355 8094.5 9592 2
1356 3273.4 508.7 1
1357 1329.6 2324.6 5
1358 4267.3 2241.8 7
1359 8559.1 6296.2 3
1360 6662.7 8138.2 3
1361 6770.7 2700.8 3
1362 9946 405.9 1
1363 7212.1 420.3 1
1364 4054.8 1118.7 3
1365 8632.4 9213.1 1
1366 5248.1 2486.5 4
1367 8464.6 5451.2 7
1368 5264.6 1353.6 1
1369 8571.8 9912.7 4
1370 9844 8210.5 7
1371 5244.3 4981.1 1
1372 7085.2 6562.2 1
1373 4663 3774.3 3
1374 1265.1 9464.2 4
1375 9274.4 8096.5 3
1376 6875.7 3344.5 3
1377 4985.6 3444.2 7
1378 7055.2 8708.7 2
1379 1366.5 7280.4 2
1380 3609.1 8759.5 2
1381 5625.1 4003.8 7
1382 341.8 2724.1 2
1383 7099.5 7387.1 3
1384 5912.7 8652.1 6
1385 5844.5 9561.6 6
1386 4989.4 6437.3 5
1387 8255.8 1422.8 5
1388 8608.6 8478 7
1389 314.9 1479.6 2
1390 3569 6723.9 6
1391 5033.5 3984.1 1
1392 3114.2 4325.8 2
1393 7757 3060.4 2
1394 7809.3 8973.1 4
1395 7325.6 6452.7 4
1396 6573.6 1442 6
1397 9165.9 1333 4
1398 6837.6 9941.5 5
1399 3217.9 256.3 7
1400 148.9 3825.2 5
1401 5839.4 493.8 2
1402 7168.8 3607.9 5
1403 1222.3 3000 5
1404 2662.7 809.2 5
1405 6025.6 9770 6
1406 7314.8 6343.5 7
1407 6676.4 5509.3 7
1408 7460.7 2346.8 1
1409 9993.4 7199.8 1
1410 4005.6 7348.7 2
1411 4741.6 3188 5
1412 1096.8 356.8 4
1413 3412.9 1579 2
1414 8789.3 5876.8 4
1415 6409.2 1902.3 6
1416 8846.5 852.2 6
1417 5996.1 7528.5 7
1418 2843.5 6624.4 5
1419 2902.6 6617.7 1
1420 1582.8 623.2 7
1421 7358.4 6999.9 5
1422 5263 9731.8 5
1423 6775.3 4779.8 4
1424 1287.6 5204.2 4
1425 8244.3 1613.3 2
1426 3335.6 2094.9 6
1427 6405.6 8091 3
1428 6620 2569.6 7
1429 9181.1 5472.1 4
1430 8942 8690 2
1431 7686.7 7683.6 3
1432 9619.4 2946.5 1
1433 3543.9 9721.7 1
1434 682.6 1009.3 5
1435 3698 9253.5 7
1436 250.8 4224.2 5
1437 7655.8 2264.9 2
1438 2589.3 520 7
1439 5782.2 9701.1 4
1440 5592.8 278.2 7
1441 9296.8 7964.9 7
1442 0.7 9219.4 2
1443 2071.4 2763.2 5
1444 8921.9 5080.9 1
1445 976.5 8778.8 1
1446 6279.5 664.8 4
1447 3677.4 8320.5 5
1448 9166.2 909.7 5
1449 7224.5 6691.9 5
1450 754.9 3919.8 7
1451 4610.4 3216.5 7
1452 6149.4 3217.1 4
1453 8999.6 5288.5 6
1454 4841.8 5845.5 6
1455 58.1 8457.1 4
1456 7798.1 4736.5 5
1457 1397.5 8413.9 5
1458 7261.8 9215.2 6
1459 5281.2 6439.7 6
1460 3001.6 8829.7 2
1461 2635.3 3440 5
1462 233.9 9589.3 2
1463 8686.9 224 7
1464 1538.3 5065.7 7
1465 9470.6 6758.9 1
1466 7816.8 6192.2 7
1467 6827.7 9224.8 5
1468 5794.2 6486.5 5
1469 5670.4 3402.8 3
1470 3873.6 6404.3 3
1471 7631.7 674.8 4
1472 4606.3 908.6 5
1473 4797.9 1230.6 1
1474 3548.3 2768.9 5
1475 8144.1 2239.4 3
1476 1196.9 56.1 6
1477 621.3 6883.7 3
1478 94.8 2677.8 5
1479 8783.4 9983.4 7
1480 3911.6 3856.9 6
1481 1139.8 1488.6 7
1482 1807.9 6094.8 1
1483 3700.4 2527.8 5
1484 5816.8 7711.2 2
1485 6269.2 5855.2 4
1486 3480.5 8687.2 5
1487 154.3 943.6 6
1488 4417.7 1038.3 6
1489 6802.7 1456.8 2
1490 2590.4 5368.3 3
1491 6417.6 6508 5
1492 2554.7 9951 7
1493 9600.3 3651.3 1
1494 7876.5 9468 7
1495 8921.4 7372.4 1
1496 3840.9 2488 6
1497 8816.3 2642.3 4
1498 2310.6 7059.9 3
1499 117.8 5497.7 2
1500 7908.3 8088 6
1501 9555.6 6140.8 5
1502 5961.9 8695.4 7
1503 98 8295.7 2
1504 6761.9 7807.3 7
1505 1136.8 6728.6 7
1506 3002.1 2204.6 7
1507 5189.6 1020.9 1
1508 8320.7 3331.4 2
1509 4125.3 3449.1 2
1510 9751.4 1357.3 5
1511 4016.1 2548 5
1512 4788.8 145 4
1513 7147.7 243 3
1514 1522.6 7004.8 7
1515 8635.8 9776.7 1
1516 1486.2 4413.9 4
1517 8459.7 9603.5 3
1518 9710.6 9559.3 4
1519 8021.3 3684.5 5
1520 1829.6 5071 3
1521 5361 9087.1 7
1522 6668.4 3875.8 2
1523 6671.1 2658.6 3
1524 6604.6 4181.1 1
1525 5980.5 2816.9 3
1526 2084.9 5938.2 1
1527 393.9 6033 2
1528 1358.9 5743.5 7
1529 7290.4 5399.9 1
1530 8306.1 8864.6 7
1531 2314.2 5860.7 4
1532 505.5 2529 1
1533 8841.7 835.2 3
1534 7420.8 9074.9 4
1535 4639.8 5055.3 2
1536 1635.4 7140.2 2
1537 4680.1 9169.2 5
1538 7328.2 2163.3 7
1539 1170.8 1088.8 2
1540 333 1030.1 7
1541 2930.9 3344.2 3
1542 6251.1 3849.6 1
1543 5082.2 2691.2 2
1544 4936.6 1747.1 5
1545 607.3 6386.8 5
1546 2365.2 8022.2 2
1547 61.2 2702.2 1
1548 3790.1 1665.6 1
1549 6532.8 4471.5 5
1550 4675.3 6439.6 2
1551 3317.5 1005.6 6
1552 7820.4 7256.6 1
1553 4852.2 2338.7 2
1554 4354.3 8910.5 2
1555 4566.5 1152.9 1
1556 8198.8 3518.1 5
1557 606.3 3579.2 7
1558 2183 9004.5 7
1559 7558.1 7172.4 6
1560 4022 3482.9 7
1561 1515.8 6800.3 1
1562 2353.8 4620.6 1
1563 311.8 1107.9 3
1564 960.9 7097.4 1
1565 3357 1663.8 7
1566 3775.1 9862.5 5
1567 2215.3 2104 5
1568 4992.9 5922.1 1
1569 2706.3 5115.4 6
1570 3256 9137.3 6
1571 1880.3 653 5
1572 1510.2 4642 6
1573 31.9 4953.7 5
1574 2527.4 5914.5 6
1575 3933.3 906.6 4
1576 8127.2 6316.9 3
1577 5839.2 8532.1 3
1578 400.7 5160.1 4
1579 3966.6 7866.4 7
1580 4704.8 2757.5 7
1581 561.1 6272.9 2
1582 3217.6 9418.3 5
1583 2129.8 9450.1 6
1584 3785.1 3612.6 3
1585 902.5 7545.8 5
1586 1318.9 7308.1 1
1587 3232.9 3147.2 7
1588 7250.8 3547.8 2
1589 8825.9 9149.5 4
1590 7151.6 5489.5 6
1591 2979.2 6050.5 2
1592 1095 903.2 2
1593 5487.9 4668.1 3
1594 4834.4 8453.2 7
1595 1730.5 9355.6 5
1596 9533.2 2309.6 3
1597 5287.8 5542.4 5
1598 9574.5 4428.3 6
1599 656.5 4889.4 1
1600 9604.7 2040.9 6
1601 2945.6 6655.2 4
1602 4194.5 9385.4 1
1603 3226.4 4873.2 5
1604 4978.7 9707.6 7
1605 8708.3 3073.2 3
1606 1618.8 2606.3 2
1607 3472.5 9529.3 4
1608 8473.4 9103.7 2
1609 292.5 1395.3 3
1610 1261 2635.2 2
1611 6083.7 7215.9 1
1612 8592 1410.3 5
1613 3638.6 6271.8 2
1614 3353.2 1250.4 7
1615 9885.8 9958.6 6
1616 9044.3 3212.5 7
1617 512.3 8320.1 5
1618 7522.7 8428.7 4
1619 2231.8 8721.1 4
1620 194.9 9982 1
1621 3469.3 7700.8 5
1622 3398.8 7927.9 1
1623 2713.6 1566.4 6
1624 6901.5 4919.5 6
1625 2432.2 6440.4 5
1626 2671.2 7119.8 2
1627 5516.4 7632.1 3
1628 7890.9 6789.9 2
1629 2639.4 9021.6 2
1630 7147.9 851.7 4
1631 5926.8 4320.9 1
1632 1921.4 7719.6 1
1633 9326.3 433.1 4
1634 3002.8 8969.7 3
1635 9564.9 1401.8 1
1636 6085.4 5708.1 6
1637 7453.6 1224.5 4
1638 7141.8 750.5 6
1639 5258.6 3389.8 2
1640 3731.6 2172.8 6
1641 2186.5 8099.5 3
1642 8342.1 20.9 7
1643 2425.5 982.3 1
1644 9710.4 5620.2 4
1645 1914.7 5185 7
1646 2194.6 2905.6 3
1647 9594.3 1994.3 2
1648 4625.9 9136 2
1649 8082.6 6029.7 1
1650 2196.1 9761.2 3
1651 7161.1 1947.6 7
1652 8082.2 1924.8 3
1653 6722.7 4350.2 6
1654 5796.3 4060.5 2
1655 5474.7 7610.3 1
1656 8190 9804.9 6
1657 6613.4 9399.1 5
1658 7896.4 5660.1 3
1659 9929.8 5377.9 3
1660 6988.1 9209.1 2
1661 6219.2 6370.1 7
1662 3549.7 4452.2 7
1663 4171.4 1174.9 2
1664 7410.5 8606.3 2
1665 4634.5 5716.1 2
1666 313.9 5541.2 1
1667 534 2154.6 2
1668 1113.1 1686.1 4
1669 4098.5 1615.9 7
1670 1478.3 8603.9 1
1671 1889.6 4823 3
1672 4248.4 7.8 6
1673 6896.7 5814.3 3
1674 7165.5 3224.7 2
1675 1494.7 9494.4 7
1676 3434.2 9808.2 5
1677 6813.6 1977.4 2
1678 9592.1 4725.6 4
1679 8030.6 8824.1 1
1680 5117.3 1937.5 3
1681 9777.8 3827.1 5
1682 2443.5 8075.4 4
1683 9561.4 6607.3 4
1684 1124.5 3772.7 6
1685 1293.8 6902.6 4
1686 7179.1 336.7 3
1687 240.8 7150.2 5
1688 7092.1 8377.4 2
1689 5629.5 8043.1 2
1690 5782.7 3160.3 5
1691 6175 2938 4
1692 3025.4 7016.7 1
1693 9883.5 8213.2 5
1694 2555.9 9337.7 6
1695 88.2 631.4 6
1696 7114.7 9445.7 5
1697 5584.6 9686.4 5
1698 6031.8 8413.6 3
1699 2839.8 4043.1 4
1700 6836.5 1460.9 7
1701 4405.9 9271 1
1702 4167.1 2296.3 4
1703 5274.1 3815 5
1704 1353 8006 3
1705 2839.8 9729.3 1
1706 1229.1 6844 2
1707 1590.2 4063.7 1
1708 736.7 1730.7 7
1709 8260.5 4570.4 6
1710 5462.5 3042 7
1711 4189.6 7447.9 1
1712 7489.9 3250.1 6
1713 9441.9 8524.1 6
1714 9607.1 9877.1 7
1715 9109.9 4352 1
1716 879.3 7216.3 3
1717 2094.2 8806.4 1
1718 2995.5 1178.2 1
1719 3945.5 1073.8 2
1720 8938.5 6536.3 1
1721 7027.5 2361 1
1722 4387.5 9850.8 7
1723 5679 927.9 2
1724 2420.5 2170.1 6
1725 7168 1280 6
1726 1644.8 3794.4 3
1727 4600.6 5888.5 1
1728 3255.3 8883.9 7
1729 5275.8 4464.5 4
1730 231.4 5038.1 7
1731 9864.2 2065.6 3
1732 6944.7 8088.2 3
1733 8910.5 5402.3 5
1734 7765.2 7822.8 2
1735 6496.8 4990.7 2
1736 2850.8 8270.6 6
1737 4785.8 4506.4 6
1738 7162.4 7761.6 2
1739 717.1 3037.4 3
1740 6980.7 4903.9 4
1741 9780.6 6403.2 6
1742 6576.6 4983.1 4
1743 3223.3 3893.5 3
1744 2433.1 1658.6 5
1745 3812.9 9790.6 4
1746 8107.8 2641.3 2
1747 6197 7427.1 5
1748 174.6 4589.4 4
1749 3036.1 6941.6 7
1750 3632.5 3922.2 6
1751 7631.7 5337.9 5
1752 5331.6 3549.6 1
1753 2754.8 8408.1 3
1754 5580.3 841.1 6
1755 6228.5 6289.1 1
1756 3502.6 6032 2
1757 682.4 2228.9 6
1758 733.3 2403.4 7
1759 1816.1 7074.7 2
1760 7571.5 707.1 1
1761 8230.7 8338.7 3
1762 6928.2 5305.4 1
1763 2244 9695.3 4
1764 3088.4 5275.6 7
1765 5591.3 1504 2
1766 9520 6641.7 4
1767 7725.1 7324 2
1768 4992.4 9692.4 7
1769 8484.2 3143.7 3
1770 8917.5 715.1 5
1771 4908.1 580.9 6
1772 7871.8 9144.2 5
1773 6020.3 1388.1 7
1774 941.5 6111.6 6
1775 9974.2 1702.9 4
1776 5295.8 2858 5
1777 6649.4 2218.2 1
1778 1866.9 7210.5 3
1779 9487.8 7329.8 5
1780 2548.1 6247.2 6
1781 7950.6 2790.4 7
1782 3326.9 2297.4 3
1783 5643.7 8317.6 3
1784 7655.8 894.2 4
1785 3308.1 868.3 1
1786 3734.8 7799.3 4
1787 803.2 6083.8 3
1788 5195.5 7950.6 1
1789 9280.1 9073.6 2
1790 8143.6 3256.8 2
1791 7722 2842.6 1
1792 7881.3 6169.4 5
1793 7184.7 3448.3 4
1794 9511.3 1104 3
1795 7949.5 6047.2 4
1796 9725.7 9782 4
1797 5995 585.1 3
1798 4482.4 7415.7 6
1799 180.2 6695.7 4
1800 6478.1 6474.4 4
1801 9023.1 4196.4 4
1802 4358.5 2077.6 7
1803 3626.3 9262.2 7
1804 2846.9 408.6 6
1805 2961.6 8358.1 5
1806 5579.7 8083.7 6
1807 7632.3 5713.9 6
1808 4133.3 196.2 5
1809 1855.3 2011.6 4
1810 8650.8 8489.6 6
1811 8703.1 7512.7 7
1812 1597.8 3506.3 3
1813 2297.1 8767.7 6
1814 6444.6 3249.7 7
1815 1696 6211.2 1
1816 4629.8 3426.1 7
1817 8980.6 1058.3 1
1818 3916.5 6826.7 4
1819 6267.9 8682 6
1820 8585.4 8967.9 6
1821 5742.1 7670.9 3
1822 8730.2 903.9 7
1823 5431.1 3200.9 7
1824 1394 9645.5 7
1825 7765.5 2976.6 2
1826 4130.2 9241.5 1
1827 213.8 8222.1 4
1828 2011.1 2138.5 1
1829 4004.6 41.5 1
1830 8009.6 8626.9 7
1831 504.2 6004.1 3
1832 511.3 6369.4 1
1833 5659.9 1800.4 5
1834 1211.3 4829.6 4
1835 8377.1 4230.2 5
1836 3389.3 9995.6 3
1837 3462.7 209.3 7
1838 4594.3 3855.5 6
1839 2552.6 7860.1 7
1840 2463.1 5869.6 5
1841 9706.3 6373.7 7
1842 7890.8 8520.2 2
1843 6979 5815.2 2
1844 7632.9 7026.4 1
1845 1202.6 5403.4 2
1846 7748.9 427.9 7
1847 3536.6 3890.5 7
1848 7546.3 8484.8 2
1849 3694.4 2672.5 6
1850 1519.1 5135.5 5
1851 9605.9 6477 6
1852 2061.4 4367.7 6
1853 4156.7 1346.6 4
1854 8052.4 614.7 2
1855 6777.5 1817.2 4
1856 1368 1201.2 4
1857 5954 4737.7 6
1858 749.2 2283.9 3
1859 1035.1 7613.4 4
1860 9180.9 767.7 6
1861 4831.5 373.5 2
1862 6855.8 4070 7
1863 9035.3 8226.7 3
1864 8665.2 6279 2
1865 5321.3 4691.6 7
1866 9016 6059.6 5
1867 3138.5 2013.5 5
1868 2786.7 4397.9 2
1869 919.5 5432.9 3
1870 3360 6248.9 4
1871 935.9 1080.4 5
1872 4988.7 7936.1 6
1873 5044.3 8606.5 4
1874 8081.6 7271.6 7
1875 1733.6 2592.9 5
1876 8837.9 1608.8 3
1877 8778.5 6382.5 2
1878 1821.6 9169.1 5
1879 419 88.5 4
1880 8264.9 5083.6 7
1881 6878.4 6019.4 1
1882 7500.5 2643.2 4
1883 2192.5 7687.4 2
1884 6746.4 5769 3
1885 9214.3 9137.7 4
1886 6373.8 7975.5 2
1887 9592.8 6753.9 3
1888 6460.5 210.7 3
1889 7725.9 2264.8 3
1890 4424.2 529.6 5
1891 9006.5 7407.9 7
1892 3033.9 4908.3 3
1893 8267.7 8735.9 6
1894 472.7 5482.2 6
1895 1584.5 6331.7 7
1896 6924.3 2705.4 6
1897 5508.1 3933.4 7
1898 8839 393.8 1
1899 2974.2 8119.6 4
1900 7197.8 4178.9 1
1901 8140.1 3185.3 5
1902 5101.8 7854.3 6
1903 4706.7 6121.9 3
1904 3634.1 8229.8 3
1905 8330.4 1449.4 7
1906 3799.5 8.9 1
1907 7244 5516.9 2
1908 9077.5 4355.8 3
1909 2756.9 8965.1 4
1910 8700.9 6162.8 5
1911 6809.7 5938.1 1
1912 3961.4 1039.8 4
1913 6021.4 7381.6 5
1914 8452.4 1015.6 1
1915 8000.7 981.1 5
1916 2245.5 6415.7 6
1917 2466 3659.6 3
1918 4984.6 4372.3 1
1919 7896.9 8764.3 4
1920 563.9 9100.3 3
1921 9045 7545.1 4
1922 711.4 1506.5 4
1923 232 9163 6
1924 7509.6 9250.5 6
1925 3017 7251.1 7
1926 1608.9 1131.7 3
1927 209.6 3597.6 2
1928 5962.3 217.3 5
1929 6070.7 8114.1 3
1930 5144.2 313.2 2
1931 3650.9 993.3 2
1932 6460.3 1704.6 6
1933 3579.9 3571.7 6
1934 8081.1 1081.3 4
1935 5233 5733.4 3
1936 3365.9 8977.4 6
1937 9549.7 822.1 1
1938 1028.3 6784.3 1
1939 6879 4490.1 1
1940 4764.4 1269.5 5
1941 1750 4920.3 4
1942 6280.6 3015.7 4
1943 3952.9 6595.6 2
1944 788 4676.6 2
1945 144 1544.7 4
1946 6751 4910.5 5
1947 6124.8 6095.4 1
1948 731.4 7123.6 6
1949 5555.3 5637.7 7
1950 128.4 2037.2 1
1951 6649.8 3787.1 3
1952 4164.4 67.7 5
1953 5018.8 4020.5 6
1954 9444.9 6443.6 2
1955 4952.1 6587.5 3
1956 7827.9 3338.4 7
1957 1316.1 1098.4 1
1958 5626.4 1829.7 4
1959 6720.8 9020.1 6
1960 3940.5 783.6 4
1961 4064.8 9068.5 2
1962 9109.3 4868.1 3
1963 7169.5 9886.8 1
1964 3460.3 966.8 4
1965 6062.9 7554.1 3
1966 210 5381.9 4
1967 902.8 8333.1 4
1968 9326.1 3959.4 1
1969 4872.9 2315.4 4
1970 9327.8 7891 6
1971 4184.6 1955.8 2
1972 2828.4 1065 6
1973 3175.1 8234.4 4
1974 7542.1 3329.9 5
1975 9987.9 1027.9 6
1976 9021.2 1237.8 2
1977 3028 3775.8 4
1978 8133.1 3101.8 3
1979 8338.2 9609.9 5
1980 7563.4 572.8 7
1981 7572.2 4757.3 3
1982 8284.6 9220.8 5
1983 5500.2 2395.8 4
1984 2602.5 1573.1 5
1985 671.6 1560.9 4
1986 6294.7 2217.2 4
1987 8934.8 5245.1 6
1988 1543.2 5013.3 5
1989 8110.9 4986.7 3
1990 6993.9 2550 5
1991 5403 1757.3 7
1992 5767.9 1677 2
1993 7197.7 7177.1 3
1994 132.2 9779.6 5
1995 6396.6 451.1 4
1996 3688.7 8381 1
1997 3853.8 7315.7 6
1998 7794.6 494 6
1999 6472.4 8604.8 3
2000 6395.1 7233.8 5
