50
400
1 500 500
2 986.27 119.23 2
3 881.82 436.2 3
4 693.44 207.6 4
5 302.4 654.76 3
6 945.57 851.33 1
7 135.34 931.98 6
8 36.79 631.74 6
9 882.93 552.53 2
10 45.11 763.96 1
11 27.47 585.95 7
12 186.08 735.73 5
13 261.94 617.55 5
14 314.06 474.5 3
15 85.62 940.42 5
16 17.57 885.98 3
17 877.97 184.83 6
18 717.32 385.13 3
19 825.9 268.06 6
20 325.24 476.68 2
21 564.92 504.15 3
22 857.93 853.74 5
23 106.64 115.67 5
24 955.07 429.72 5
25 174.61 515.33 6
26 212.42 696.42 1
27 938.03 574.38 3
28 922.65 291.69 5
29 375.49 281.1 6
30 544.37 606.33 1
31 640.72 334.76 6
32 323.02 192.68 1
33 741.04 299.32 1
34 103.64 417.9 5
35 940.73 756.03 1
36 718.24 131.96 7
37 708.75 233.51 5
38 884.09 156.15 7
39 608.07 531.63 4
40 600.1 239.51 1
41 68.8 43.75 6
42 368.69 366.76 4
43 358.78 271.31 3
44 628.06 374.94 7
45 490.57 315.66 5
46 868.4 197.41 1
47 106.17 69.68 1
48 81.82 953.76 3
49 349.16 561.82 2
50 61.1 325.43 1
51 379.37 394.22 3
52 32.4 762.9 3
53 41.62 285.2 1
54 350.15 913.25 5
55 403.61 403.81 2
56 376.62 435.72 3
57 318.06 705.4 3
58 656.52 787.22 2
59 151.12 299.89 4
60 340.87 360.98 7
61 770.13 740.35 3
62 243.12 936.26 3
63 246.39 977.87 2
64 684.47 491.53 5
65 497.49 895.13 5
66 789.68 271.74 3
67 279.27 753.31 4
68 2.06 573.34 5
69 842.11 724.46 3
70 243.98 65.32 7
71 134.78 998.96 6
72 419.8 242.08 2
73 631.24 651.98 5
74 127.86 499.96 6
75 701.25 997.44 1
76 841.95 787.11 4
77 418.37 229.9 6
78 700.19 231.95 2
79 932.73 74.05 3
80 465.16 481.54 5
81 358.56 616.32 4
82 155.82 36.11 7
83 725.81 667.34 2
84 437.18 958.72 5
85 640.07 659.96 4
86 901.6 665.42 7
87 598.39 83.79 7
88 48.49 947.49 4
89 235.44 880.21 2
90 146.84 508.88 6
91 287.07 867.43 3
92 426.26 23.24 7
93 971.04 912.56 2
94 331.31 349.73 6
95 191.54 153.31 4
96 49.2 54.91 6
97 857.48 816.81 6
98 732.14 28.81 6
99 165.77 264.24 1
100 509.93 574.59 2
101 499.15 25.18 6
102 104.67 451.43 2
103 746.3 585.99 5
104 218.79 917.29 5
105 813.5 108.82 1
106 68.17 321.53 4
107 988.25 179.01 1
108 992.11 74.66 1
109 106.97 240.42 5
110 102.03 913.87 1
111 769.49 576.53 5
112 140.86 681.19 6
113 862.5 591.01 2
114 333.17 973.31 4
115 317.09 786.8 4
116 454.32 854.96 3
117 809.96 843.2 5
118 145.93 998.82 2
119 510.71 105.78 7
120 139.72 371.33 2
121 506.83 140.81 5
122 899.12 445.18 2
123 742.83 307.67 2
124 336.04 640.84 7
125 846.53 121.44 6
126 792.88 575.75 4
127 60.76 549.23 5
128 507.63 695.15 6
129 192.68 205.85 2
130 281.66 509.08 6
131 284.5 15.91 1
132 863.86 915.02 3
133 124.4 821.36 2
134 139.47 320.91 2
135 127.83 167.43 7
136 66.51 960.31 7
137 860.15 21.06 2
138 660.5 692.2 2
139 459.66 48.39 1
140 528.12 330.04 6
141 131.42 614.53 4
142 875.53 478.38 5
143 64.81 766.3 7
144 725.27 69.28 7
145 26.57 360.62 1
146 612.82 427.13 7
147 774.81 450.79 4
148 486.03 111.28 2
149 55.91 734.45 3
150 995.15 262.57 6
151 606.99 393.98 6
152 234.73 433.02 2
153 941 497.82 1
154 632.14 223.09 1
155 480.66 413.17 1
156 823.65 25.98 5
157 126.93 800.78 4
158 778.31 450.32 5
159 121.88 669.74 2
160 513.83 664.89 7
161 399.34 435.39 4
162 62.9 670.12 2
163 204.83 611.11 6
164 113.05 243.25 7
165 254.06 887.42 7
166 755.68 711.06 2
167 847.95 1.51 2
168 390.99 943.33 2
169 45.31 65.2 3
170 597.59 742.54 2
171 412.43 305.4 4
172 948.28 368.29 4
173 753.63 573.11 3
174 220.32 849.67 7
175 73.6 267.24 3
176 340.05 186.43 3
177 795.98 34.37 5
178 52.69 588.88 4
179 923.24 634.18 5
180 463.52 395.28 4
181 668.68 807.7 2
182 472.74 919.49 7
183 946.92 673.12 1
184 195.72 56.95 5
185 851.28 294.06 6
186 394.25 634.1 7
187 648.28 593.6 7
188 230.85 809.8 4
189 756.74 733.03 7
190 511.34 360.06 3
191 172 192.25 3
192 138.04 664.99 4
193 472.37 775.42 4
194 543.31 134.65 2
195 627.44 985.92 4
196 978.79 380.16 2
197 680.09 191.96 3
198 415.76 422.8 4
199 903.81 343.06 5
200 26.04 854.39 7
201 707.05 189.9 6
202 195.76 327.94 2
203 767.47 800.3 6
204 12.29 507.12 6
205 641.09 134.55 6
206 400.42 276.86 6
207 957.37 956.94 5
208 271.43 372.69 4
209 395.29 440.02 6
210 415.69 466.05 3
211 796.14 336.61 5
212 368.84 532.36 3
213 770.04 463.34 2
214 946.65 475.62 4
215 421.42 116.7 4
216 718.58 680.64 1
217 559.42 801.52 6
218 592.2 72.95 4
219 211.3 631.75 4
220 336.97 210.95 4
221 317.03 170.6 6
222 650.5 702.96 5
223 148.38 472.99 2
224 773.59 583.16 7
225 905.91 4.57 5
226 172.78 886.67 1
227 716.5 609.6 1
228 217.16 365.31 4
229 254.02 740.13 7
230 894.41 77.09 5
231 0.84 557.63 4
232 607.39 208.12 4
233 909.82 520.01 3
234 512.07 293.59 6
235 753.45 199.5 6
236 275.04 372.27 2
237 640.79 252.29 7
238 808.05 469.44 2
239 48.25 886.97 6
240 247.23 781.37 3
241 657.15 945.72 7
242 401.18 716.62 3
243 848.17 626.44 5
244 931.66 138.5 3
245 761.82 55.46 2
246 596.54 494.01 5
247 317.93 298.31 4
248 812.42 106.35 5
249 835.74 318.11 7
250 435.66 565.33 1
251 276.19 385.99 2
252 674.34 950.69 1
253 444.12 798.85 6
254 733.91 894.02 1
255 317.29 655.83 7
256 263.67 252.36 3
257 909.36 733.8 2
258 643.81 709.74 4
259 11.21 545.47 1
260 265.57 144.65 6
261 464.81 584.35 2
262 773.28 258.68 2
263 961.89 866.31 1
264 776.92 600.22 7
265 893.97 917.5 6
266 229.98 344.68 4
267 60 254.04 1
268 188.33 61.36 1
269 586.52 72.57 7
270 302.81 501.65 2
271 584.43 966.46 4
272 415.56 903.25 2
273 197.36 865.13 3
274 941.53 805.57 3
275 579.7 699.53 2
276 200.74 929.5 2
277 74.13 153.02 6
278 681.31 341.34 3
279 325.27 927.85 1
280 514.69 230.65 1
281 12.27 978.6 7
282 94.19 394.15 1
283 598.3 755.02 2
284 968.71 696.54 2
285 102.86 439.76 5
286 318.01 640.49 3
287 877.84 714.61 6
288 855.22 559.43 6
289 57.48 884.69 6
290 332.29 562.89 5
291 272.27 738.67 7
292 178.7 832.85 3
293 988.38 594.66 3
294 990.22 726.89 5
295 797.62 829.74 2
296 468.06 147.74 3
297 67.99 189.1 6
298 984.46 207.83 4
299 242.25 428.82 2
300 591.41 924.63 4
301 334.73 196.89 6
302 56.64 375.59 7
303 499.73 527.48 5
304 534.31 517.69 6
305 428.95 478.82 4
306 926.86 946.87 7
307 228.77 14.85 3
308 245.28 999.3 7
309 984.74 405.07 1
310 772.4 996.47 6
311 122.94 331.19 6
312 375.67 551.34 3
313 461.25 51.06 6
314 141.48 748.88 4
315 712.11 341.35 3
316 112.47 431.72 5
317 824.08 660.49 3
318 888.31 69.28 4
319 323.88 54.01 5
320 24.74 826.4 5
321 813.75 112.86 6
322 963.16 488.52 7
323 488.15 113.28 3
324 540.61 254.75 3
325 437.79 966.85 1
326 650.26 242.83 7
327 973.11 230.43 4
328 310.8 282.25 6
329 974.83 606.12 7
330 880.4 794.37 1
331 945.95 771.63 1
332 506.2 734.78 7
333 617.78 222.92 3
334 107.45 927.04 2
335 182.48 364.82 3
336 925.88 15.07 4
337 937.48 151.69 5
338 936.6 626.01 3
339 841.48 600.83 1
340 963.88 644.75 7
341 76.19 590.69 2
342 301.36 260.41 1
343 342.08 41.7 4
344 332.55 149.15 7
345 741.29 331.62 3
346 280.4 421.01 2
347 62.33 522.01 3
348 238.2 458.6 5
349 696.31 463.59 2
350 924.05 590.98 1
351 946.15 667.17 2
352 739.88 132.04 2
353 431.91 474.11 3
354 510.37 970.17 5
355 515.86 711.46 6
356 886.17 991.85 7
357 598.59 217.69 4
358 299.17 455.88 7
359 789.27 315.7 7
360 43.71 239.74 1
361 779.38 185.88 3
362 432.77 89.28 6
363 346.56 684.7 2
364 302.04 195.06 1
365 406.67 710.91 1
366 6.42 760.6 1
367 27.18 359.18 4
368 569.94 821.86 2
369 734.82 774.64 5
370 363.28 818.34 1
371 582.71 761.23 3
372 632.83 193.99 6
373 814.97 704.06 6
374 634.74 6.1 4
375 588.19 412.76 2
376 253.09 582.69 1
377 909.83 773.39 6
378 947.77 343.32 7
379 605.1 241.65 2
380 741.64 768.44 3
381 117.91 351.15 6
382 843.57 983.97 7
383 658.51 962.45 1
384 321.65 760.7 2
385 343.37 348.88 4
386 75.99 601.96 7
387 569.2 675.3 2
388 748.62 786.58 6
389 749.89 555.19 1
390 525.79 296.82 2
391 283.54 578.24 6
392 802.52 421.81 5
393 679.01 243.83 6
394 259.55 728.99 3
395 9.7 72.35 1
396 172.6 148.33 5
397 918.18 881.04 6
398 600.67 629.65 2
399 626.47 379.53 6
400 57.43 68.83 6
