5
400
1 500 500
2 360.96 367.12 6
3 262.43 980.21 1
4 880.39 496.28 2
5 227.7 658.25 2
6 216.3 817.83 2
7 828.79 940.14 4
8 547.14 111.44 3
9 475.79 823.54 4
10 959.63 860.28 7
11 503.28 422 7
12 620.31 946.48 6
13 59.53 208.9 4
14 253.28 252.81 2
15 614.53 644.02 6
16 121.15 860.31 5
17 905.34 852.61 5
18 272.35 563.26 6
19 390.76 202.56 2
20 900.97 325.7 4
21 21.37 828.97 1
22 518.27 612.8 4
23 382.28 672.32 2
24 226.49 89.11 6
25 730.49 867.15 2
26 56.25 151.81 2
27 363.35 57.15 6
28 610.58 493.01 1
29 969.24 47.28 2
30 314.96 948.24 1
31 357.43 133.12 5
32 985.41 651.38 6
33 723.39 33.65 7
34 670.26 260.13 1
35 33.45 154.13 3
36 40.65 210.37 5
37 235.19 573.71 7
38 282.33 347.8 6
39 56.24 317.04 4
40 869.19 795.51 4
41 171.36 152.93 1
42 466.01 301.85 1
43 209.93 188.75 2
44 789.68 859 5
45 622.06 55.96 2
46 485.11 96.6 2
47 499.96 495.3 1
48 571.95 777.62 7
49 463.98 833.86 1
50 239.76 866.56 6
51 127.3 201.43 2
52 147.96 667.43 3
53 819.99 40.87 5
54 689.18 830.55 2
55 818.5 616.12 6
56 265.47 101.22 7
57 86.32 764.69 1
58 644.39 336.63 5
59 550.26 964.12 3
60 936.68 367.4 5
61 118.6 494.69 4
62 616.96 642.64 3
63 580.69 462.62 1
64 733.16 151.8 6
65 908.14 133.81 4
66 139.08 562.79 3
67 630.14 812.62 7
68 780.01 457.01 4
69 707.49 7.26 1
70 468.83 107.46 5
71 96.72 226.05 3
72 253.07 843.01 6
73 913.33 423.69 1
74 777.98 156.84 5
75 636.68 64.97 1
76 111.5 367.57 6
77 851.06 161.22 4
78 518.82 941.22 4
79 523.2 648.7 5
80 655.22 117.52 6
81 991.11 377.75 3
82 148.73 630.82 1
83 785.46 707.66 6
84 48.32 649.15 5
85 790.02 285.83 2
86 502 560.84 5
87 103.8 575.41 2
88 354.7 94.22 4
89 389.64 617.42 3
90 431.84 436.15 4
91 581.48 590.78 7
92 957.17 739.5 2
93 339.38 524.95 3
94 145.27 736.78 5
95 271.51 526.79 1
96 462.72 192.3 3
97 185 296.1 4
98 232.02 814.31 5
99 56.72 203.95 7
100 857.16 799.3 3
101 775.12 380.77 1
102 70.82 501.46 4
103 324.37 840.83 1
104 285.57 149.62 1
105 59.44 421.12 6
106 282.65 47.35 2
107 66.7 395.87 6
108 426.15 627.88 7
109 879.81 848.11 2
110 277.93 705.27 6
111 948.67 480.38 3
112 373.7 714.71 5
113 538.22 39.07 1
114 227.68 488.15 4
115 817.43 711.11 7
116 933.97 157.27 6
117 406.33 223.96 4
118 338.29 813.62 6
119 84.56 856.95 3
120 198.29 134.87 1
121 947.79 247.05 5
122 405.1 620.74 1
123 200.33 158.95 6
124 999.91 550.14 7
125 112.62 367.56 7
126 809.97 465.05 7
127 554.66 34.89 1
128 695.21 373.17 5
129 790.67 457.73 1
130 570.71 656.01 7
131 383.06 767.32 2
132 675.77 172.41 5
133 683.19 536.25 7
134 893.18 699.68 2
135 754.84 975.81 7
136 491.12 785.77 5
137 548.19 340.42 6
138 829.21 199.14 5
139 923.84 989.8 5
140 875.42 724.03 7
141 125.37 107.08 1
142 458.85 946.36 7
143 740.09 629.54 3
144 16.76 686.24 7
145 170.59 604.59 3
146 691.98 95.71 1
147 841.93 643.89 6
148 26.76 473.09 7
149 748.28 560.44 7
150 927.51 435.85 7
151 926.27 561.22 1
152 855.86 183.58 5
153 957.85 923.66 7
154 759.61 103.93 2
155 261.03 274.52 3
156 738.26 966.49 1
157 1.26 808.42 2
158 768.19 998.69 4
159 897.77 746.96 5
160 17.15 674.47 2
161 24.07 764.25 5
162 301.58 620.11 2
163 688.97 741.47 2
164 542.37 501.07 4
165 245.52 762.1 1
166 553.25 663.87 2
167 120.21 665.12 3
168 494.56 596.82 2
169 342 658.11 1
170 913.39 838.77 5
171 920.62 862.84 6
172 489.07 327.93 1
173 568.12 16.89 5
174 570.83 722.77 3
175 677.47 131.8 1
176 222.13 848.57 3
177 896.8 968.77 6
178 379.88 463.32 3
179 25.17 968.83 6
180 417.41 882.21 5
181 647.63 802.83 7
182 805.61 455.41 5
183 583.7 23.52 2
184 266.77 594.35 6
185 450.9 435.33 3
186 397.13 657.45 6
187 170.74 554.25 4
188 772.98 97.64 1
189 972.04 122.8 2
190 992.72 703.72 4
191 688.65 514.86 4
192 574.44 483.99 3
193 788.16 231.2 7
194 182.29 497.96 6
195 462.7 112.37 4
196 874.9 673.01 6
197 299.19 843.74 6
198 692.23 616.72 1
199 548.59 752.27 4
200 537.3 744.99 6
201 408.21 597.15 1
202 245.46 171.58 1
203 374.59 123.26 4
204 854.27 305.54 3
205 928.3 931.75 7
206 437.64 970.16 2
207 767.95 269.34 7
208 652.5 961.57 1
209 798.21 673.67 7
210 66.71 374.48 4
211 365.96 946.2 6
212 180.07 191.65 1
213 478.16 729.75 3
214 7.44 584.02 4
215 198.19 512.31 2
216 501.31 949.94 3
217 640.95 717.89 1
218 624.32 370.38 4
219 551.45 332.1 7
220 230.84 562.32 6
221 655.21 928.28 4
222 840.24 108.34 6
223 196.84 586.5 5
224 840.22 593.93 6
225 789.12 955.64 6
226 833.29 620.46 6
227 847.61 424.92 7
228 294.78 49.23 3
229 703.52 764.19 7
230 785.92 995.02 1
231 406.31 650.22 1
232 972.9 490.45 2
233 894.66 850.81 1
234 382.64 854.54 3
235 618.15 807.17 2
236 365.96 640.45 1
237 63.7 651.57 3
238 642.85 946.35 5
239 592.37 813.38 2
240 37.5 599.29 3
241 44.95 169.11 4
242 980.67 305.53 1
243 188.25 200.18 3
244 982.31 746.33 6
245 533.82 527.99 4
246 204.48 893.94 2
247 495.59 121.15 7
248 375.13 763.99 6
249 303.9 519.87 3
250 160.37 720.89 2
251 848.33 765.83 1
252 513.55 910.02 7
253 669.22 261.78 6
254 839.2 244.08 2
255 863.72 941.42 1
256 695.4 309.41 3
257 331.04 805 7
258 781.77 343.64 7
259 178.84 647.53 2
260 389.28 807.89 7
261 362.52 819.74 6
262 668.39 333.28 7
263 443.29 166.01 4
264 418.37 5.21 3
265 303.28 32.44 5
266 716.18 891.35 4
267 186.52 222.38 6
268 941.53 167.67 6
269 460.53 346.5 5
270 499.39 899.3 6
271 422.65 425.33 3
272 275.25 93.71 2
273 37.87 537 5
274 225.77 118.88 1
275 821.27 422.15 4
276 521.7 138.32 7
277 368.02 488.36 7
278 346.36 429.88 4
279 504.82 890.4 1
280 637.85 553.3 1
281 578.76 975.94 3
282 502.92 414.71 7
283 760.35 452.57 4
284 347.31 841.85 7
285 102.99 663.12 1
286 54.62 184.81 7
287 897.59 716.34 5
288 962.94 62.7 3
289 359.46 731.03 5
290 102.48 368.87 3
291 744.79 111.14 5
292 975.95 614.05 6
293 300.81 537.92 6
294 326.18 885.22 2
295 470.42 151.73 6
296 200.32 369.86 6
297 68.54 267.45 4
298 588.63 393.9 3
299 702.12 753.35 1
300 869.52 19.35 1
301 590.21 764.13 3
302 450.36 903.59 3
303 725.21 204.39 6
304 616.14 694.08 7
305 348.92 328.01 3
306 71.84 528.33 4
307 979.57 760.38 1
308 603.64 512.53 5
309 617.43 378.16 6
310 362.25 247.67 1
311 802.98 837.87 4
312 191.32 451.75 3
313 357.22 176.95 4
314 224.56 793.09 5
315 977.11 305.52 1
316 44.9 377.35 6
317 482.54 520.44 5
318 187.63 287.59 3
319 450.12 905.01 6
320 465.96 430.78 2
321 501.14 233.75 4
322 463.97 588.58 6
323 330.38 109.31 6
324 564.69 333.86 1
325 656.6 310.96 5
326 913 355.85 2
327 24.75 1.91 5
328 896.88 189.53 1
329 281.53 803.16 7
330 207.85 269.12 6
331 381.83 770.25 4
332 557.2 397.73 5
333 184.3 728.1 2
334 988.35 292.79 7
335 912.52 112.9 7
336 142.2 189.41 2
337 912.75 214.16 3
338 203.72 274.55 2
339 782.28 719.6 3
340 429.36 927.44 1
341 507.21 472.79 5
342 818.8 29.98 4
343 882.48 377.79 2
344 55.46 529.66 3
345 562.3 442.17 2
346 543.62 584.37 6
347 880.78 660.63 5
348 219.84 864.34 1
349 911.94 810.13 4
350 570.71 239.48 3
351 498.6 910.2 5
352 360.25 728.99 2
353 619.62 774.98 5
354 607.09 830.44 3
355 50.86 556.25 6
356 771.05 99.86 5
357 517.12 144.15 2
358 640.86 363.98 6
359 39.14 439.43 5
360 157.02 173.66 3
361 365.85 672.25 5
362 47.46 196.01 3
363 922.56 815.62 3
364 175.44 586.23 1
365 121.5 637.08 5
366 509.72 571.64 5
367 645.82 88.75 2
368 606.06 893.12 5
369 430.63 932.26 1
370 228.85 252.79 2
371 593.59 618.63 7
372 705 666.08 7
373 708.91 588.63 4
374 651.32 927.58 7
375 424.16 49.07 2
376 916.77 558.78 6
377 509.23 368.11 6
378 245.83 974.16 1
379 509.93 568.31 7
380 376.98 960.67 5
381 417.67 554.25 6
382 294.13 259.24 3
383 366.58 131.67 4
384 254.65 782.98 6
385 728.94 207.14 2
386 167.35 123.9 6
387 13.87 633.12 4
388 112.65 42.46 4
389 268.07 715.91 4
390 519.26 92.88 3
391 23.23 510.54 5
392 309.34 968.18 4
393 425.04 334.76 1
394 129.36 589.4 3
395 761.26 481.86 2
396 605.74 649.2 2
397 172.51 826.58 7
398 270.91 102.74 5
399 506.99 370.81 4
400 311.36 53.58 3
