25
411
1 500 500
2 215.98 100.56 5
3 732.66 394.75 3
4 277.44 661.29 6
5 461.93 917.45 4
6 834.91 850.26 1
7 447.08 59.25 1
8 445.26 338.81 5
9 889.62 257.61 5
10 993.69 408.82 7
11 660.69 369.66 1
12 589.71 749.15 5
13 974.19 481.81 1
14 548.12 759.24 1
15 622.15 384.69 3
16 565.31 219.59 4
17 886.73 830.18 4
18 517.78 275.44 2
19 780.71 328.57 4
20 109.85 322.25 1
21 813.45 146.46 3
22 671.51 736.16 1
23 793.63 710.35 4
24 310.5 421.98 2
25 488.65 207.64 5
26 747.76 772.95 4
27 857.13 659.67 3
28 189.26 177.44 5
29 23.71 121.67 3
30 279.28 231.51 1
31 943.66 208.47 2
32 977.7 43.49 7
33 924.4 837.12 2
34 516.42 311.13 4
35 867.67 799.78 2
36 767.13 547.53 3
37 49.68 568.17 4
38 998.89 920.94 5
39 387.05 108.16 4
40 267.3 387.43 1
41 633.31 331.09 3
42 982.25 472.3 4
43 230.86 560.21 6
44 353.34 76.62 7
45 897.78 107.8 3
46 813.38 874.92 6
47 501.92 924.6 2
48 850.12 87 4
49 702.8 637.57 1
50 677.13 904.86 6
51 882.97 538.16 7
52 624.31 683.92 4
53 409.13 78.29 4
54 194.59 595.14 1
55 291.17 656.44 7
56 187.52 469.81 1
57 958.43 971.73 3
58 133.99 985.36 3
59 394.01 688.15 2
60 598.66 365.28 1
61 517.77 411.76 7
62 767.97 36.06 5
63 653.97 445.18 1
64 100.18 639.76 5
65 786.51 94.44 3
66 580.64 445.47 1
67 413.21 403.9 2
68 170.36 537.88 7
69 178.03 95.4 7
70 823.26 857.57 1
71 373.34 375.34 5
72 788.61 143.3 3
73 887.79 960.78 6
74 228.78 60.95 2
75 164.9 10.98 6
76 920.97 755.13 2
77 310.36 331.85 2
78 671.48 502.21 2
79 181.47 843.75 2
80 543.12 667.01 2
81 433.57 40.34 4
82 572.24 992.47 5
83 74.01 880.25 4
84 184.47 109.02 6
85 934.68 437.43 1
86 942.85 521.91 2
87 396.49 832.27 4
88 254.01 667.26 6
89 812.93 12.24 3
90 630.77 718.87 7
91 306.17 152.43 6
92 356.9 888.19 3
93 714.44 962.19 2
94 869.23 146.65 3
95 412.01 244.84 1
96 129.28 351.21 7
97 601.68 747.69 2
98 569.44 165.21 2
99 39.4 141.66 1
100 516.62 772.42 1
101 660.85 78.58 4
102 8.93 435.47 4
103 349.47 149.9 2
104 733.77 182.64 3
105 227.09 758.17 6
106 321.36 50.96 3
107 101.05 652.63 5
108 713 385.58 2
109 319.24 424.97 6
110 774.19 105.11 3
111 111.52 765.95 3
112 437.76 938.39 5
113 815.7 451.37 6
114 319.34 185.13 7
115 969.62 575.74 7
116 28.26 60.61 2
117 601.61 325.17 6
118 922.65 201.68 3
119 408.89 520.91 1
120 200.3 295.09 4
121 764.12 406.6 2
122 570.03 7.88 7
123 811.4 987.09 2
124 529.7 306.43 6
125 430.63 439.56 6
126 253.25 631.33 3
127 126.82 232.94 3
128 816.53 155.58 5
129 891.82 727.98 3
130 392.08 91.79 2
131 160.95 855.9 2
132 859.29 589.44 5
133 496 564.35 7
134 747.6 94.04 4
135 347.84 688.18 7
136 687.33 104.94 7
137 87.42 231.75 3
138 812.67 211.8 2
139 903.11 103.61 5
140 514.45 659.2 6
141 420.87 983.67 7
142 60.92 842.95 3
143 708.85 502.46 3
144 507.38 250.05 3
145 612.33 761.4 4
146 320.35 448.72 3
147 496.18 536.13 4
148 231.98 512.31 7
149 123.35 578.93 3
150 742.69 93.37 5
151 617.33 677.75 4
152 511.38 738.67 6
153 831.34 611.03 2
154 879.16 118.4 4
155 21.01 894.24 3
156 14.56 214.58 4
157 113.04 874.28 7
158 443.26 106.25 5
159 148.8 229.6 4
160 957.94 972.28 2
161 753.31 753.13 7
162 368.83 264.5 5
163 827.28 259.36 4
164 951.71 138.51 7
165 489.71 323.04 6
166 789.1 337.59 5
167 700.72 450.62 6
168 148.47 57.39 2
169 272.05 206.18 7
170 138.07 327.63 2
171 933.93 80.94 5
172 407.54 613.28 3
173 783.33 440.55 5
174 933.66 555.78 1
175 38.86 209 6
176 201.81 161.61 4
177 579.34 862.32 5
178 831.13 174.31 6
179 352.69 609.87 5
180 940.32 747.93 4
181 827.27 681.85 6
182 467.33 252.91 1
183 535.41 199.75 6
184 26.36 133.41 7
185 655.82 335.78 7
186 771.82 537.59 6
187 388.93 116.92 1
188 620.16 111.56 7
189 72.3 464.25 5
190 730.62 568.08 3
191 880.08 395.34 7
192 437.51 26.19 5
193 444.69 725.11 2
194 55.93 914.99 4
195 386.47 570.8 6
196 925.99 506.13 7
197 790.64 58.57 2
198 517.6 842.25 6
199 418.86 914.54 1
200 929.98 645.15 2
201 352.54 688.74 1
202 456.94 126.24 1
203 814.25 734.44 2
204 534.82 790.37 2
205 552.31 340.35 6
206 742.05 429.85 1
207 632.9 220.48 4
208 804.17 738.07 2
209 87 156.92 3
210 834.07 250.41 5
211 312.74 602.94 6
212 350.26 59.88 5
213 577.48 37.64 6
214 529.8 735.97 4
215 560.63 288.27 1
216 162.24 193.83 1
217 433.5 990.24 4
218 763.33 957.93 4
219 98.91 44.92 4
220 349.03 42.51 6
221 407.82 518.76 3
222 318.86 869.01 2
223 356.13 610 1
224 291.36 303.31 6
225 180.47 863.93 4
226 246.4 26.17 7
227 905.7 623.18 2
228 785.47 386.5 6
229 403.3 648.93 1
230 505.09 997.95 4
231 857.29 569.28 5
232 812.42 888.13 2
233 990.94 407.78 7
234 207.09 862.65 3
235 322.72 43.12 2
236 890.13 453.03 2
237 651.36 358.72 3
238 402.83 307.7 5
239 275.74 874.52 4
240 193.57 379.6 7
241 317.41 236.88 5
242 960.01 49.29 3
243 635.12 203.74 2
244 920.23 574.34 3
245 508.64 897.05 7
246 124.49 950.69 3
247 766.51 602.05 2
248 31.7 168.39 2
249 846.9 607.65 3
250 474.55 801.21 6
251 100.14 282.13 6
252 295 242.13 6
253 377.99 40.77 4
254 32.27 960.99 3
255 549.2 633.14 1
256 272.75 757.62 6
257 449.33 687.64 3
258 984.63 719.33 2
259 991.14 729.75 3
260 708.64 204.29 7
261 969.25 467.94 3
262 630.26 762.93 7
263 340.56 304.44 5
264 418.11 500.22 2
265 69.99 212.93 2
266 618.92 485.68 2
267 282.06 98.52 7
268 710.75 83.14 1
269 144.31 74.27 6
270 349.03 946.42 7
271 518.47 79.19 5
272 970.04 872.96 3
273 827.25 377.03 4
274 561.7 795.13 3
275 584.17 865.12 1
276 76.25 647.55 6
277 652.98 93.12 6
278 753.83 803.87 4
279 737.53 111.69 2
280 614.48 460.72 4
281 859.24 142.7 7
282 408.4 112.73 2
283 884.01 939.97 1
284 827.57 665.18 3
285 271.35 249.34 5
286 928.05 489.1 7
287 397.46 142.08 7
288 801.86 895.9 6
289 452.92 796.94 1
290 341.77 411.42 5
291 177.03 270.65 3
292 418.51 842.56 2
293 532.94 890.09 6
294 860.88 717.65 7
295 310.99 152.51 7
296 626.2 244.07 4
297 752.48 641.52 3
298 971.88 606.9 1
299 995.13 59.81 2
300 293.59 401.57 6
301 52.76 742.11 6
302 118.15 160.61 6
303 459.78 693.55 5
304 741.37 717.94 3
305 851.66 28.92 2
306 211.29 818.64 1
307 223.53 571.11 6
308 377.84 542.98 5
309 428.04 538.11 6
310 438.7 831.69 5
311 24.29 47.97 7
312 880.52 329.63 4
313 742.83 789.4 7
314 495.21 694.28 2
315 128.76 545.94 6
316 914.82 920.74 5
317 108.46 144.26 2
318 107.13 685.61 7
319 549.18 113.64 4
320 214.55 715.86 7
321 445 740.14 3
322 417.56 620.66 2
323 714.25 363.48 3
324 704.47 22.2 7
325 576.15 150.96 4
326 640.27 229.29 1
327 523.01 337.74 3
328 140.38 444.86 3
329 137.21 157.55 2
330 999.17 535.61 1
331 692.82 980.61 2
332 597.95 398.16 7
333 996.22 112.4 7
334 183.88 980.39 7
335 65.82 720.05 6
336 657.2 360.31 4
337 169.32 46.84 6
338 989.2 350.73 3
339 494.69 651.45 1
340 277.33 650.62 6
341 775.82 506.95 1
342 14.44 268.42 1
343 200.76 264.63 1
344 750.54 448.51 3
345 322.52 514.32 5
346 208.97 171.51 7
347 324.7 504.34 1
348 778.16 493.54 2
349 3.52 151.74 6
350 222.9 429.06 2
351 141.4 204.87 5
352 40.51 382.82 7
353 501.29 583.57 7
354 237.98 497.63 3
355 118.58 820.14 4
356 555.7 192.63 7
357 680.16 517.32 4
358 851.46 459 4
359 537 462.51 4
360 873.98 848.92 3
361 25.1 153.83 6
362 519.64 357.85 1
363 446.11 22.65 7
364 800.72 260.63 4
365 440.32 542.72 3
366 921.26 98.41 1
367 573.71 942.08 4
368 894.02 957.05 4
369 707.85 494.04 5
370 673.42 531.54 1
371 231.55 556.63 7
372 994.55 239.78 6
373 467.4 849.4 7
374 523.81 650.11 7
375 241.37 253.94 2
376 779.06 175.2 1
377 672.89 912.42 3
378 247.55 806.43 1
379 281.21 677.8 6
380 940.88 351.21 2
381 449.47 582.75 6
382 275.4 740.81 4
383 295.65 208.2 7
384 502.07 895.53 6
385 132.63 136.89 4
386 305.9 79.46 2
387 577.57 915.86 1
388 954.84 163.4 6
389 289.15 444.6 3
390 281.01 385.48 2
391 804.41 998.46 2
392 884.42 273.85 7
393 367.73 733.01 7
394 700.42 398.6 1
395 683.22 531.22 2
396 919.96 837.12 3
397 495.4 414.68 4
398 983.26 533.03 6
399 604.59 822.17 5
400 740.18 266.7 4
401 390.5 71.1 4
402 623.56 955.51 7
403 760.94 486.75 6
404 270.04 187.17 4
405 838.18 870.38 7
406 543.2 790.33 4
407 654.71 285.73 4
408 518.55 432.5 2
409 709.31 37.08 6
410 508.18 940.78 2
411 692.52 331.27 5
