30
500
1 50 50
2 15.06 82.88 4
3 81.83 73.84 7
4 4.86 51.13 7
5 26.65 50.91 4
6 63.05 66.3 5
7 81.84 7.16 5
8 4.83 2.94 3
9 1.25 55.54 6
10 62.04 69.08 2
11 61.16 34.87 2
12 34.05 49.92 6
13 64.31 95.26 1
14 40.42 0.12 2
15 22.39 90.28 3
16 8.09 16.84 3
17 31.68 98.67 5
18 69.06 67.02 1
19 92.5 68.26 4
20 10.71 93.81 4
21 10.47 54.96 4
22 8.2 52.52 5
23 25.29 16.82 7
24 79.72 20.75 1
25 85.28 6.65 3
26 41.74 14.74 3
27 91.53 9.93 6
28 48.48 78.99 7
29 8.37 35 4
30 50.83 9.22 7
31 98.84 19.69 3
32 45.23 27.88 7
33 78.01 16.68 5
34 69.57 96.4 5
35 24.76 45.19 2
36 33.74 50.44 3
37 59.55 41.96 6
38 84.03 53.96 4
39 39.03 25.84 4
40 25.81 76.66 6
41 6.38 75.49 3
42 5.43 84.23 6
43 93.47 25.75 1
44 25.36 95.32 3
45 41.52 83.59 1
46 64.33 17.33 1
47 65.38 40.39 3
48 76.36 24.41 3
49 29.84 26.96 1
50 45.36 52.76 5
51 6.57 22.65 6
52 50.98 28.07 5
53 23.26 85.05 5
54 75.74 10.41 2
55 88.13 15.44 3
56 45.7 79.76 7
57 17.22 8.66 4
58 30.7 85.01 3
59 98.12 78.37 3
60 91.38 23.72 7
61 61.28 93.8 6
62 70.19 44.77 6
63 63.31 31.54 6
64 45.7 7.28 7
65 23.4 58.92 6
66 48.21 68.14 4
67 90.33 85.35 2
68 36.36 79.56 5
69 70.32 77.68 6
70 94.74 69.05 3
71 71.92 30.32 1
72 35.26 64.02 7
73 26.66 90.85 4
74 39.59 36.54 5
75 89.96 59.94 3
76 92.25 71.66 6
77 1.33 25.5 7
78 55.54 61.86 5
79 58.27 95.69 2
80 39.37 90.42 3
81 71.21 25.85 4
82 33.33 61.1 4
83 3.72 87.76 7
84 5.65 90.86 3
85 14.85 80.82 4
86 10.01 36.58 6
87 73.29 37.9 4
88 85.44 93.43 6
89 77.15 15.21 6
90 46.52 54.57 2
91 48.46 89.3 6
92 80.71 22.62 7
93 76.97 89.85 4
94 27.6 95.5 5
95 14.76 10.34 1
96 61.85 83.86 4
97 44.11 57.15 3
98 51.86 42.58 6
99 84.99 19.72 2
100 77.31 29.76 7
101 60.05 78.21 4
102 68.64 58.91 5
103 1.84 99.39 3
104 86.31 26.98 5
105 61.63 41.73 6
106 81.29 67.09 3
107 37.51 74.71 7
108 95.15 26.57 3
109 9.72 75.07 2
110 39.5 52.37 6
111 87.37 12.42 2
112 88.04 44.57 5
113 11.33 9.92 6
114 24.46 96.22 4
115 96.6 57.84 2
116 79.07 39.12 7
117 8.92 40.15 2
118 32.39 35.29 5
119 61.96 8.52 6
120 74.76 11.54 6
121 53.79 62.42 7
122 74.54 50.45 2
123 54.19 61.77 1
124 33.22 49.74 3
125 2.75 46.33 5
126 77.53 25.4 7
127 19.39 34.31 4
128 35.95 30.22 4
129 42.6 55.69 7
130 24.3 30.44 4
131 21.89 47.74 5
132 95.41 22.27 5
133 13.49 76.45 5
134 5 73.18 4
135 92.72 39.45 2
136 65.32 80.49 6
137 77.03 99.87 7
138 28.88 35.81 3
139 43.05 41.92 4
140 65.73 66.22 7
141 99.95 51.62 5
142 96.57 10.55 4
143 7.16 87.55 6
144 79.52 92.55 2
145 65.13 48.78 1
146 33.54 77.61 4
147 90.87 54.63 1
148 46.02 47.02 6
149 31.38 90.06 1
150 72.42 55.79 5
151 70.93 19.25 2
152 53.65 79.33 4
153 22.15 86.49 3
154 30.61 29.52 5
155 12.24 94.64 5
156 60.36 28.17 6
157 25.43 19.03 7
158 90.37 65.04 4
159 18.15 59.93 5
160 24.32 95.86 1
161 23.75 66.78 3
162 74.79 20.42 6
163 36.37 42.56 1
164 49.01 36.68 2
165 17.72 48.92 2
166 35.2 9.27 1
167 93.8 98.21 6
168 7.03 52.09 4
169 30.8 70.23 2
170 44.62 58.07 1
171 77.74 81.81 2
172 93.62 56.59 7
173 25.3 56.47 3
174 6.99 68.99 2
175 18.18 86.7 2
176 24.01 85.41 6
177 21.52 79.21 4
178 1.57 49.75 2
179 10.18 80.54 6
180 78.72 88.67 6
181 43.11 66.4 2
182 74.27 60.01 4
183 89.37 48.83 1
184 10.55 55.81 4
185 68.4 37.5 6
186 38.68 25.02 7
187 81.74 10.05 6
188 86.52 11.62 2
189 79.87 21.79 3
190 6.97 64.02 6
191 92.12 7.12 4
192 22.6 44.91 4
193 73.17 34.27 6
194 43.73 8.33 6
195 83.27 40.24 1
196 73.02 42.43 1
197 48.18 24.16 3
198 66.06 10.68 7
199 97.21 54.06 2
200 8.89 24.54 3
201 72.75 80.18 1
202 66.53 66.29 4
203 20.32 39.45 4
204 22.92 46.69 2
205 44.85 93.47 3
206 67.79 30.01 4
207 79.26 78.18 3
208 37.26 7.76 2
209 33.91 68.48 2
210 52.35 40.88 1
211 98.32 13.62 3
212 51.4 80.15 3
213 49.39 63.98 4
214 45.16 86.89 6
215 49.25 95.25 3
216 93.58 26.55 2
217 80.34 5.81 7
218 54.77 6.58 3
219 3.39 4.01 7
220 69.58 19.87 4
221 60.31 18.18 2
222 67.69 33.09 5
223 4.87 82.47 2
224 45.02 27.62 6
225 95.37 76.87 3
226 39.18 33.96 2
227 13 14.29 4
228 28.51 32.57 5
229 15.29 35.95 7
230 34.06 69.05 2
231 30.18 29.35 4
232 3.43 60.56 7
233 20.35 65.42 2
234 1.23 73.95 3
235 32.52 69.31 6
236 22.58 8.49 1
237 39.18 85 5
238 25.1 77.02 6
239 17.59 92.3 5
240 77.61 89.87 2
241 57.48 20.04 7
242 19.05 86.98 4
243 50.18 7.32 5
244 27.29 72.07 5
245 95.54 68.1 2
246 40.65 90.67 2
247 83.24 93.36 2
248 40.11 18.45 6
249 93.06 99.56 7
250 45.48 40.68 4
251 66.94 98.15 5
252 17.75 80.71 6
253 29.1 30.88 4
254 69.39 21.69 1
255 47.15 17.22 5
256 30.69 21.39 4
257 49.75 68.14 6
258 90.28 8.24 7
259 71.34 64.81 6
260 44.69 10.29 5
261 71.42 77.22 1
262 18.18 94.96 6
263 51.91 87.58 3
264 56.48 20.48 5
265 96.63 67.62 4
266 4.88 61.82 5
267 3.79 11.56 4
268 59.57 65.35 3
269 33.8 36.68 7
270 7.58 44.88 3
271 85.55 16.29 1
272 61.67 97.98 2
273 18.49 49.89 6
274 69.7 69.88 1
275 6.12 66.51 4
276 59.75 34.9 2
277 34.76 38.68 6
278 41.42 61.76 7
279 56.31 95.56 6
280 36 66.65 2
281 53.02 52.2 1
282 83.73 77.38 4
283 72.91 59.38 6
284 13.19 29.07 5
285 10.42 98.7 5
286 38.78 58.44 3
287 28.96 93.19 7
288 30.7 34.6 2
289 61.3 54.42 3
290 65.05 53.94 1
291 77.2 6.95 3
292 69.16 90.67 3
293 95.57 27.09 3
294 35.38 40.27 2
295 8.58 14.2 3
296 48.29 16.5 2
297 22.88 8.97 6
298 99.67 39.66 6
299 1.73 64.47 2
300 62.86 93.04 5
301 90.63 70.23 7
302 34.12 2.9 4
303 54.97 98.46 7
304 35.2 97.35 2
305 8.01 5.93 5
306 43.03 54.21 4
307 36.49 40.6 3
308 23.14 40.26 2
309 71.42 5.5 3
310 10.59 68.35 1
311 67.22 58.98 7
312 94.3 56.61 6
313 12.05 11.57 3
314 20.4 46.76 4
315 69.01 18.28 5
316 58.86 24.83 1
317 65.2 61.31 7
318 80.51 47.96 7
319 98.99 19.37 2
320 81.93 93.48 1
321 57.91 24.21 2
322 67.63 18.5 7
323 43.76 30.54 3
324 18.35 14.45 7
325 90.29 46.98 6
326 68.14 5.83 1
327 63.72 34.55 5
328 99.89 15.05 2
329 76.31 14.03 2
330 85.27 59.47 4
331 99.06 80.89 2
332 98.85 48.51 1
333 55.25 55.79 1
334 23.21 74.13 3
335 64.96 64.41 5
336 24.99 32.55 2
337 9.84 96.26 5
338 19.52 96.14 5
339 77.15 35.96 3
340 90.62 21.23 2
341 24.61 83.8 6
342 19.27 46.16 2
343 32.43 1.4 1
344 3.17 88.12 3
345 88.35 53.08 6
346 56.98 41.58 4
347 58.47 51.42 7
348 30.99 34.45 1
349 82.06 11.59 6
350 10.68 65.72 5
351 98.76 90.32 6
352 31.24 9.59 6
353 12.23 5.53 6
354 12.52 8.69 3
355 23.42 97.03 2
356 62.24 17.52 1
357 33.6 75.99 6
358 64.73 70.49 7
359 91.99 52.54 1
360 18.72 26.73 6
361 30.2 89 1
362 25.46 20.24 1
363 30.4 95.98 1
364 36.74 8.5 3
365 58.23 95.43 4
366 32.79 57.66 4
367 48.92 54.77 1
368 43.51 19.49 2
369 72.53 74.99 5
370 13.14 57.22 6
371 19.46 87.41 6
372 79.61 76.39 7
373 49.35 6.78 5
374 88.13 7.03 4
375 35.59 65.25 1
376 7.12 98.03 4
377 96.17 10.47 4
378 61.19 53.97 3
379 60.22 26.49 3
380 75.3 39.62 6
381 53.58 22.59 5
382 84.38 2.2 3
383 35.41 51.54 3
384 82.42 3.18 4
385 64.95 38.76 1
386 79.39 9.4 5
387 78.51 5.56 6
388 32.4 30.26 5
389 69.28 90.47 2
390 81.15 29.28 3
391 50.23 82.86 1
392 6.71 30.75 5
393 3.1 66.16 4
394 6.26 12.09 3
395 79.96 77.03 2
396 18.91 19.93 5
397 55.89 98.44 1
398 3.32 94.35 3
399 31.76 63.62 2
400 86.68 44.76 4
401 44.73 94.98 4
402 88.89 65.21 7
403 35.24 68.3 4
404 96.64 38.07 1
405 24.73 81.54 7
406 91.58 0.45 3
407 67.81 56.33 3
408 13.12 23.16 1
409 25.16 54.91 3
410 54.7 5.1 3
411 13.52 13.35 3
412 18.71 65.75 7
413 54.65 0.99 6
414 56.73 61.14 7
415 70.9 85.87 6
416 25.61 40.96 2
417 0.24 8.76 6
418 36.83 21.87 6
419 31.27 10.54 7
420 52.85 28.76 3
421 19.19 42.27 4
422 44.02 24.5 6
423 34.05 79.14 7
424 55.89 35.86 3
425 79.31 70.27 2
426 47.78 95.87 6
427 53.18 59.63 5
428 78.41 59.97 4
429 26.8 91.23 5
430 57.14 44.08 7
431 92.57 63.26 4
432 4.86 70.79 3
433 82.89 4.83 6
434 61.91 24.23 5
435 29.1 67.05 4
436 82.15 14.82 5
437 39.67 31.51 1
438 42.42 9.92 5
439 94.08 0.23 2
440 92.76 57.36 3
441 83.7 13.44 6
442 80.43 18.29 4
443 1.65 1.18 3
444 2 26.6 4
445 1.73 55.69 1
446 35.24 1.35 1
447 64.61 41.01 3
448 53.61 46.94 2
449 2.56 41.02 5
450 6.26 97.29 2
451 54.03 80.98 2
452 28.57 24.93 6
453 73.89 26.57 6
454 87.55 92.09 3
455 88.95 57.33 1
456 57.39 92.56 1
457 40.65 57.16 4
458 18.93 10.76 7
459 7.12 13.32 2
460 59.05 19.57 3
461 68.34 37.12 1
462 54.59 65.68 5
463 59.12 3.09 1
464 28.34 54.15 4
465 24.15 43.1 2
466 2.68 64 3
467 82.55 68.16 7
468 3.42 87.08 2
469 34.74 57.71 5
470 70.6 80.28 4
471 40.21 48.61 7
472 17.84 66.71 2
473 56.87 89.34 1
474 85.99 17.67 6
475 70.7 5.33 7
476 49.22 8 5
477 83.8 90.54 6
478 39.06 57.47 6
479 5.08 55.73 3
480 47.92 26.32 3
481 73.85 66.52 7
482 36.89 47.88 2
483 29.13 4.74 7
484 24.44 54.24 6
485 0.94 24.94 2
486 20.53 37.67 1
487 4.12 84.98 2
488 55.86 87.56 5
489 58.19 92.63 4
490 81.75 4.06 5
491 85.58 77.91 6
492 1.54 14.79 1
493 84.2 7.43 6
494 56.19 95.39 1
495 9.37 96.32 1
496 67.88 16.85 7
497 97.9 20.96 1
498 81.97 40.33 2
499 23.51 98.51 3
500 20.77 43.78 1
