6
166
1 5 5
2 2.5611 6.4073 1
3 3.5633 1.1921 2
4 7.9074 5.4382 1
5 0.6849 0.5861 7
6 1.6411 5.0021 7
7 8.7227 8.1829 4
8 6.6415 6.9006 5
9 7.2374 6.7332 2
10 3.4384 5.8874 3
11 1.7968 4.1347 4
12 2.3085 8.3309 6
13 8.2362 1.8941 7
14 3.3011 1.4366 5
15 9.4038 2.1214 2
16 8.5236 3.7624 2
17 3.8608 4.1202 7
18 1.6094 0.7616 4
19 8.9774 7.9989 7
20 8.2586 3.0724 1
21 4.699 6.5043 6
22 0.6717 8.8128 3
23 4.6869 7.0489 7
24 9.894 1.9851 2
25 2.1745 1.3888 7
26 6.6762 1.5475 2
27 6.1799 7.0434 5
28 3.8664 8.6528 6
29 0.0887 9.2653 6
30 4.6792 9.159 4
31 3.5219 3.8579 4
32 8.1344 6.1647 4
33 1.0777 0.8515 7
34 7.5502 2.3807 3
35 5.4592 4.5551 3
36 7.1247 1.2313 1
37 2.5525 9.0463 1
38 2.1004 4.5479 1
39 2.4098 6.2717 1
40 2.3533 0.9508 4
41 7.0043 4.4727 3
42 8.1595 4.2422 7
43 9.7627 5.3199 4
44 8.4146 4.5052 4
45 0.6868 1.5996 2
46 4.3478 8.7242 1
47 2.8266 2.9119 4
48 6.7135 5.0122 2
49 0.8884 9.0572 5
50 5.9636 3.0456 6
51 8.5626 0.0498 2
52 6.6545 9.8444 5
53 0.9111 9.607 2
54 6.0192 8.0216 4
55 3.5078 0.3435 4
56 7.1867 6.3264 3
57 3.732 9.1529 4
58 7.6884 7.5016 1
59 7.8277 8.3899 5
60 2.6035 5.9886 6
61 9.9652 4.5511 5
62 3.4347 2.8408 7
63 9.5111 3.7518 6
64 2.5426 9.7709 2
65 3.3496 4.9139 2
66 5.7561 3.7357 1
67 8.5219 7.4677 2
68 4.1996 6.7912 2
69 6.5246 4.6188 4
70 9.5419 8.8574 2
71 3.9695 0.4577 3
72 1.7172 3.8923 4
73 9.3092 3.4034 2
74 8.1434 7.5811 4
75 4.9991 0.9306 1
76 3.8335 8.3218 1
77 7.359 6.8436 6
78 1.6725 1.0431 1
79 5.1228 9.2028 4
80 6.9628 8.7446 2
81 4.7914 4.3492 1
82 0.4415 7.7015 2
83 7.297 7.0107 5
84 9.5395 5.154 6
85 3.1881 1.7883 3
86 1.7504 5.6217 6
87 5.6836 2.9806 6
88 7.0844 6.2882 3
89 6.9115 1.4109 2
90 1.3574 0.0089 7
91 6.2958 6.4354 3
92 0.0566 6.8768 5
93 9.3449 5.809 2
94 3.6717 5.3484 2
95 7.2147 8.5364 2
96 3.3234 1.922 6
97 7.7538 7.6055 2
98 9.0278 6.3251 6
99 2.98 4.8717 7
100 6.1349 6.229 3
101 9.6696 4.1599 4
102 9.1887 4.2165 7
103 4.774 5.1965 5
104 9.0051 0.5034 2
105 0.0253 9.3532 7
106 2.8338 2.6766 1
107 1.2638 0.4303 1
108 4.3096 9.458 4
109 3.6435 4.0731 3
110 7.6586 1.8432 1
111 1.6826 3.1479 4
112 3.7771 2.3365 5
113 2.7483 7.1104 5
114 9.1637 7.7506 7
115 0.9274 7.7759 3
116 2.8626 0.6096 7
117 6.7198 1.8733 6
118 1.4528 7.818 2
119 2.5108 3.0966 6
120 0.0756 0.7552 6
121 5.5046 4.0729 4
122 5.0935 9.4851 4
123 8.8987 2.2333 6
124 1.1708 1.3969 4
125 3.9462 3.9594 7
126 6.0748 6.822 4
127 0.8798 5.1769 2
128 7.7503 8.2648 4
129 5.714 2.4107 4
130 7.7507 2.4862 1
131 1.6305 9.626 4
132 0.2933 4.7194 2
133 9.6574 3.618 2
134 9.4023 6.424 3
135 6.8977 0.3701 1
136 3.8041 6.4448 5
137 1.32 7.3246 3
138 3.9795 6.71 2
139 2.8218 2.4239 7
140 6.3959 0.1745 4
141 0.725 3.4401 2
142 0.7622 3.7334 1
143 0.2843 5.0259 2
144 3.6749 6.0633 1
145 0.0976 4.5961 2
146 0.4796 8.4001 2
147 9.3187 1.3552 4
148 4.9698 5.3347 6
149 8.8856 9.7916 7
150 5.212 6.1874 5
151 5.6597 6.9124 7
152 5.7334 7.6745 4
153 0.5263 9.5939 1
154 2.2076 3.2688 1
155 8.6776 5.0015 5
156 5.5177 5.481 5
157 0.4377 4.7996 4
158 2.6822 1.4045 1
159 3.2718 0.29 1
160 6.2853 5.5019 4
161 1.1085 2.7967 5
162 1.0069 8.53 5
163 4.6386 0.6915 6
164 3.2961 2.899 1
165 9.6521 1.5766 5
166 0.6042 8.7294 4
