6
234
1 500 500
2 286.79 887.26 1
3 23.78 326.76 3
4 47.48 623.08 5
5 563.74 425.29 6
6 623.45 815.82 5
7 948.39 540.72 4
8 852.69 283.45 4
9 601.82 385.63 1
10 395.13 545.24 4
11 917.67 825.58 3
12 701.28 275.89 1
13 905.46 299.66 6
14 801.7 347.13 5
15 697.93 910.86 5
16 503.18 697.82 3
17 986.39 646.21 5
18 316.59 498.89 6
19 349.66 264.22 4
20 921.94 659.34 4
21 994.83 577.01 3
22 924.18 278.28 7
23 740.79 347.25 3
24 47.66 312.46 2
25 977.61 10.38 4
26 496.36 677.08 2
27 830.93 663.46 5
28 869.72 980.04 5
29 355.48 493.21 7
30 226.85 415.14 6
31 806.98 573.48 7
32 212.68 661.18 7
33 57.78 401.96 6
34 202.53 613.13 1
35 694.4 590.74 6
36 97.12 87.09 7
37 361.18 81.53 6
38 271.44 951.25 6
39 844.1 306.72 1
40 680.98 533.56 6
41 177.19 340.53 5
42 413.92 716.72 4
43 92.44 774.49 1
44 118.2 977.01 2
45 619.94 834.92 6
46 132.06 932.04 5
47 484.76 456.73 4
48 500.92 728.17 3
49 660.62 572.26 2
50 313.53 416.75 6
51 545.09 593.93 4
52 350.12 171.36 3
53 979.85 263.79 7
54 11.52 545.51 2
55 656.32 328.96 5
56 55.37 461.01 2
57 705.03 109.29 1
58 599.73 610.2 5
59 282.15 270.81 6
60 598.32 747.85 3
61 448.04 292.93 2
62 801.81 806.57 6
63 35.82 949.93 4
64 44.31 961.44 7
65 356.84 781.28 4
66 504.29 0.16 2
67 583.77 868.7 6
68 283.5 468.42 6
69 711.38 914.08 2
70 875.04 512.39 3
71 455.45 123.95 1
72 793.3 925.75 2
73 302.5 961.56 2
74 239.01 169.38 7
75 884.54 689.74 3
76 859.03 194.02 4
77 294.52 777.79 3
78 2.81 224.8 3
79 484.81 936.17 6
80 237.61 974.73 6
81 738.26 430.17 4
82 858.88 223.46 7
83 786.05 689.47 2
84 826.67 928.48 5
85 828.72 976.53 4
86 939.08 835.55 1
87 886.07 130.06 3
88 28.8 296.38 3
89 639.95 781.18 4
90 328.69 18.79 3
91 693.33 920.56 1
92 345.44 942.95 6
93 923.29 729 2
94 626.21 719.18 5
95 498.51 711.41 7
96 224.06 650.48 1
97 143.63 700.06 2
98 840.97 892.38 6
99 926.63 532.32 2
100 111.97 24.52 6
101 272.03 881.36 6
102 862.25 226.79 7
103 839.44 150.07 2
104 669.61 939.8 5
105 428.26 438.3 3
106 163.43 825.88 1
107 897.66 969.5 4
108 761.95 973.98 4
109 86.14 64.12 3
110 191.5 176.08 6
111 642.68 611.62 3
112 14.41 637.38 5
113 329.09 476.81 2
114 536.28 309.94 1
115 462.64 738.19 4
116 263.92 65.13 1
117 715.67 962.78 4
118 31 724.73 7
119 238.69 974.38 7
120 142.22 329.39 6
121 70.25 972.06 5
122 43.16 986.46 6
123 406.38 479.07 5
124 83.18 15.34 5
125 699.77 477.98 1
126 918.17 741.89 1
127 798.93 621.08 4
128 812.69 652.07 1
129 800.43 890.75 3
130 852.29 32.96 6
131 243.74 266.73 4
132 246.8 473.4 2
133 887.24 879.77 5
134 168.01 126.46 5
135 595.18 826.22 3
136 87.58 907.91 3
137 481.57 706.83 7
138 1.86 683.03 1
139 410.39 483.46 4
140 793.29 335.74 3
141 669.09 742.99 5
142 516.94 989.78 3
143 514.77 877.02 5
144 991.65 45.02 5
145 647.39 803.71 1
146 781.1 891.28 3
147 820.22 536.37 4
148 480.4 701.74 4
149 956.17 112.13 6
150 322.68 68.93 5
151 885.66 738.02 4
152 715.37 418.47 5
153 181.99 933.23 3
154 528.37 88.4 4
155 164.73 735.78 7
156 790.83 680.4 6
157 488.34 500.61 3
158 729.16 144.52 4
159 816.52 100.68 6
160 387.33 423.35 6
161 457.39 309.01 1
162 270.43 187.89 6
163 236.76 533.39 7
164 80.11 225.27 3
165 131.98 553.52 7
166 987.56 507.86 7
167 897.94 996.19 1
168 508.19 725.34 2
169 656.66 705.37 3
170 80.77 92.69 3
171 737.33 713.59 1
172 131.89 147.53 1
173 781.4 384.29 6
174 691.18 627.91 4
175 689.34 923.4 3
176 586.8 910.96 4
177 164.65 972.41 2
178 406.62 480.59 7
179 793.11 300.77 6
180 443.79 545.05 6
181 517.81 282.37 5
182 64.36 414.26 5
183 962.3 359.17 5
184 393.63 213.86 3
185 213.74 903.2 5
186 423.84 653.51 4
187 141.79 818.16 5
188 19.44 388.29 4
189 622.43 344.91 3
190 930.79 952.21 3
191 495.35 470.02 6
192 773.49 697.89 2
193 362.68 823.7 1
194 336.15 217.32 4
195 101.04 594.57 5
196 789.33 18.4 4
197 388.56 323.7 7
198 123.72 343.14 1
199 666.5 965.56 4
200 510.04 59.86 2
201 898.62 718.72 3
202 896.61 655.73 1
203 308.85 18.4 3
204 243.78 354.55 7
205 392.56 619.1 7
206 608.05 408.42 7
207 477.04 796.98 6
208 327.71 84.21 5
209 566.66 750.7 5
210 314.03 424.25 3
211 13.61 322.86 7
212 346.72 382.99 3
213 377.71 691.83 7
214 232.4 935.6 1
215 467.92 491.67 1
216 461.52 263.23 1
217 310 740.27 4
218 645.7 231.49 7
219 488.04 961.66 6
220 295.94 439.2 1
221 327.22 616.33 7
222 77.21 963.04 7
223 646.44 340.75 2
224 70.54 736.66 6
225 176.23 368.09 6
226 737.49 829.6 1
227 870.68 303.12 5
228 964.37 112.33 2
229 142.25 600.36 1
230 397.87 59.82 6
231 914.2 550.55 7
232 80.43 791.27 4
233 466.12 437.7 1
234 707.16 508.23 1
